"" "Ahlefeld_Erna_1820" "Ahlefeld_Marie-Mueller_1799" "Anonym_Schwester-Monika_1815" "Arnim_Graefin-Dolores_1810" "Arnim_Isabella-von-Aegypten_1812" "Arnim_Kronewaechter_1817" "Brentano_Godwi_1801" "Bruckbraeu_Mittheilungen_1829" "Campe_Robinson_1779" "Clauren_Liebe-und-Irrtum_1827" "Diderot_Die-Nonne_1796" "Diderot_Jakob_1796" "Ehrmann_Amalie_1787" "Ehrmann_Nina_1788" "Eichendorff_Ahnung-und-Gegenwart_1815" "Engel_Lorenz-Stark_1801" "Fischer_Christian_Hannchen_1800" "Fischer_Guenstling_1808" "Fischer_Gustav_1801" "Fischer_Honigmonathe_1802" "Fischer_Margarethe_1812" "Fischer_Vierzehn-Tage_1801" "Forster_Ansichten_1791" "Fouque_Falkenstein_1810" "Fouque_Magie-der-Natur_1812" "Fouque_Resignation_1829" "Fouque_Rodrich_1807" "Fouque_Spanier_1814" "Froelich_Kentucky_1819" "Goethe_Lehrjahre_1795" "Goethe_Wahlverwandschaften_1809" "Goethe_Wanderjahre_1821" "Goethe_Werther_1774" "Haller_Usong_1771" "Hauff_Bettlerin_1826" "Hauff_Lichtenstein_1826" "Hauff_Memoiren-des-Satan_1826" "Heine_Harzreise_1824" "Heinse_Ardinghello_1787" "Heinse_Hildegard_1795" "Hippel_Kreuz-und-Querzuege_1793" "Hippel_Lebenslaeufe_1779" "Hoelderlin_Fragment-von-Hyperion_1794" "Hoelderlin_Hyperion_1797" "Hoelderlin_Hyperions_Jugend_1797" "Hoffmann_Elixiere_1816" "Hoffmann_Kater-Murr_1820" "Huber_Ellen-Percy_1822" "Huber_Klosterberuf_1830" "Huber_Luise_1796" "Huber_Seldorf_1795" "Jacobi_Eduard-Allwill_1792" "Jacobi_Woldemar_1779" "Klingemann_Nachtwachen_1804" "Klinger_Faust_1791" "Klinger_Geschichte-eines-Teutschen_1798" "Knigge_Benjamin-Noldmann_1790" "Knigge_Braunschweig_1792" "Knigge_Josephs-von-Wurmbrands_1792" "La-Roche_Oneida_1798" "La-Roche_Rosaliens-Briefe_1779" "La-Roche_Sternheim_1771" "Lavater_Unveraenderte-Fragmente_1773" "Liebeskind_Maria_1784" "Manzoni_Die-Verlobten_1826" "Mereau_Amanda-und-Eduard_1803" "Mereau_Bluethenalter_1794" "Miller_Siegwart_1776" "Moritz_Anton-Reiser_1785" "Moritz_Hartknopf_1786" "Moritz_Hartknopfs-Predigerjahre_1790" "Mueller_Siegfried_1779" "Naubert_Alf-von-Duelmen_1790" "Naubert_Amtmannin_1787" "Naubert_Hermann-von-Unna_1788" "Nicolai_Sebaldus-Nothanker_1773" "Novalis_Lehrlinge_1802" "Novalis_Ofterdingen_1802" "Paul_Feldprediger_1809" "Paul_Flegeljahre_1804" "Paul_Hesperus_1795" "Paul_Katzenberger_1809" "Paul_Loge_1793" "Paul_Luftschiffers-Giannozzo_1801" "Paul_Quintus-Fixlein_1796" "Paul_Siebenkaes_1796" "Paul_Titan_1800" "Pestalozzi_Lienhard-und-Gertrud_1781" "Pfeffel_Biographie-eines-Pudels_1789" "Pichler_Agathocles_1808" "Restif-de-la-Bretonne_Anti-Justine_1793" "Sade_Geschichte-der-Justine_1797" "Schiller_Geisterseher_1787" "Schilling_Denkwuerdigkeiten_1787" "Schlegel_Florentin_1801" "Schlegel_Lucinde_1799" "Schopenhauer_Die-Tante_1823" "Schopenhauer_Gabriele_1819" "Scott_Ivanhoe_1819" "Spindler_Der-Jude_1827" "Stendhal_Rot-und-Schwarz_1830" "Thuemmel_Reise-in-mittaegliche-Provinzen_1791" "Tieck_Franz-Sternbald_1798" "Tieck_William-Lovell_1795" "Unger_Albert-und-Albertine_1804" "Unger_Bekenntnisse_1806" "Unger_Julchen-Gruenthal_1798" "Voss_Ini_1810" "Vulpius_Rinaldo-Rinaldini_1799" "Waiblinger_Briten-in-Rom_1828" "Wezel_Belphegor_1776" "Wezel_Hermann-und-Ulrike_1780" "Wezel_Kakerlak_1784" "Wieland_Abderiten_1774" "Wieland_Agathon_1794" "Wieland_Aristipp_1801" "Wieland_Der-goldene-Spiegel_1772" "Wieland_Peregrinus_1788" "Wobeser_Elisa_1795" "Wolzogen_Agnes_1798" "Zschokke_Goldmacherdorf_1817"
"Ahlefeld_Erna_1820" 0 0.814354845875008 1.01132030215373 0.847688363651398 0.955507016999094 0.902279930582696 0.857925890750062 0.839930182275926 1.01688335729162 0.88813600905991 1.01514855680501 1.01094196310367 0.9955583232674 1.09485209038173 1.03089105402006 0.965366048070839 1.11491436414935 1.08758948130639 1.01882457826051 1.0438289833994 1.00477996559276 1.09709393854575 0.899818235005694 0.81395972196133 0.870579702470218 0.826192959905023 0.822394322090424 0.907471271246018 0.836522004436132 0.847677247311044 0.850622238574383 0.847007690535659 0.958969854749457 1.0204481872413 0.97097635550766 0.914361765195478 0.884352903399806 1.09490524011754 0.961521152636216 0.959495219996338 0.937634870741732 1.00185065157714 1.2183101364318 0.994999751935756 1.11167326156126 0.868180893004194 0.849826451049381 0.807733212029406 0.865816964893289 0.974214415985756 0.816804689230982 1.02066290388425 0.958697026842448 0.971033922042279 0.965455804009695 0.883264191953574 1.05616250338381 0.994231469951139 1.18147025224473 0.960611437835283 0.934626576516674 0.987549527418525 1.04114867986721 0.934972127595989 0.922781701191442 0.853607377162715 0.999341861876607 0.992999291725885 0.929014444891265 0.998090317582918 1.06037019240941 1.03529062984923 0.922724490526291 0.902878644369108 0.90126459173869 0.971040127531136 1.20989729535469 0.931512170499338 1.08744125584439 0.893795261477667 0.870195842651042 0.911235212953911 0.909309172400835 1.05454107330067 0.919048829301108 0.875907055429966 0.829371276247319 1.05648103818629 1.20369742698563 0.79401091903804 1.07205264243448 0.928079032559083 0.974459956255549 1.02673827123899 0.855398041751811 0.942759789017148 0.751610243867045 0.710121210439014 0.904452338961501 0.867982266790756 0.841860776912296 0.803302702085239 0.914292596890276 0.902490740846176 0.830683318466087 0.96773074543024 0.812609150267601 0.901899418923555 0.994065819925885 1.00010997568627 0.943324819198766 0.878790971994451 1.14734040201523 1.03545290604671 0.977886101907677 0.945507470169766 1.04160457632178 0.92365079593782 0.961547628413963 0.832968658324494 1.13614391802859
"Ahlefeld_Marie-Mueller_1799" 0.814354845875008 0 1.0862155665814 0.915258212523 1.01121680623321 0.975703040107224 0.884010255441921 0.954092594246204 1.08416525172192 0.953474002422631 1.06157026927152 1.04504473761909 1.01786247092933 1.06304049961282 1.11605883004141 1.00543824321168 1.10115340393352 1.11784821480035 0.995998678954897 1.07159691855889 1.03114287104865 1.11609794132252 1.06460779549505 0.926916649098812 0.990827872307563 0.914683237770503 0.925246362296203 1.00371113752907 0.922589269058613 0.930059959776977 0.967199683402944 1.00184170119332 0.952283391121182 1.06403210913657 0.994619810708575 1.01154583130645 1.00712245012214 1.17263503930142 1.06540779421469 1.05414924064664 1.03087895780355 1.03416095436873 1.24395179282226 1.01616574154131 1.11578262810546 0.993940600646164 0.966873095705431 0.893644832114545 0.944290354010996 1.00016050274513 0.87083817308339 1.08553830313475 1.01209773871489 1.06584860882464 1.03413562439881 0.937554577032469 1.16015819529004 1.04900947872221 1.27958405101769 0.957699655211365 0.916928696136367 0.947491479600418 1.08089151816089 0.898785497460028 1.03379585107387 0.889976153347427 1.03767528983806 0.951531836653401 1.01475176907094 1.06173865362662 1.10541745011184 1.10548785705086 0.972761337872506 0.910780980232362 0.929902496905767 1.03731912772049 1.30838246129743 1.01161417297682 1.17007200894923 0.972841592406007 0.903522587309245 1.01555517225796 0.953844631800284 1.12011290804167 0.960125569250594 0.93615561922201 0.901074173677616 1.05795911701714 1.25344111480717 0.834316393261535 1.08268660268004 1.00006678373602 1.01291401248239 1.06128424913359 0.939557927345062 1.03354449936422 0.869710479338025 0.846797203167083 1.03226796220338 0.954982014829253 0.93048361325365 0.880197670459601 0.953768651014942 0.908121311827097 0.912434023943827 1.07508222807136 0.851218713138314 1.05820793022121 1.01002197309217 1.04574253781798 1.00067428216252 0.900364536955204 1.16270588621272 1.13743618292736 1.05431740024212 1.06411252617968 1.11960599352895 1.0243685999302 0.875905204402684 0.8728284651991 1.19785655007314
"Anonym_Schwester-Monika_1815" 1.01132030215373 1.0862155665814 0 0.926724312053123 0.942205572431874 0.924358739602804 0.881148839414864 0.922841257582572 0.959471620425122 0.96675294366354 0.965835185099989 0.893151850062693 1.00924395231146 1.08418327109285 1.02283265530782 1.01412920056917 0.976407590147711 1.16667792873769 1.06302702075379 1.02990937294 0.993822791411657 1.09514582250031 0.97573426586503 0.981323349660313 0.988246942388412 0.948945029627978 1.02624959559949 1.03535552981413 0.987883103827834 0.937282530160276 0.987234311522929 0.967758441866548 0.959836083708357 1.06927473424079 0.989295027856683 0.939282437866837 0.897439681114523 1.06701572432639 0.973101904076307 0.971582778281848 0.949197820454388 0.931351348620096 1.26325775938829 1.03292971701251 1.18944129295905 0.929429817675251 0.890874547282111 0.997300871270807 1.03859565493931 1.09675079581255 0.980865351734264 1.00681975344571 0.992344617982751 0.953949339521613 0.957773238094722 1.00843799541165 1.06882917788788 0.996163554181314 1.22940020555127 1.03709124896762 0.953556210367474 1.04368973266391 1.05071788538049 0.9914881907402 0.919241943419625 1.10174660594123 1.21490778013787 0.944627219861665 1.02493304952597 1.01335626939316 1.08038934128501 0.993099348140237 0.996780258024483 0.977505679407509 0.999138498635275 0.981055227798237 1.27266320392756 1.06052231753286 1.03684426153262 0.913248063636482 0.907620966833109 0.939791489415969 0.891193374024188 0.997400287597399 0.908098752227461 0.884327313919596 0.910443609555305 0.941174167418769 1.14884398271959 0.9808026889791 0.919119971644477 0.856996182654874 1.01209379239471 0.924430597123506 0.957359466668446 1.06458874038229 0.954350014122533 0.993870522846389 0.937925973799585 0.906304297843381 0.883024502142008 0.859901778043193 0.982577127573675 0.979441152410216 0.930496989599468 1.0583806102628 0.874615565070686 1.01945490840462 0.922887390436153 0.952283189996493 0.954781655387937 0.867487744708526 1.02993764719971 1.0253611560178 1.0787481302878 1.00800933949828 1.09462128809355 1.00391849110292 1.05912872859437 1.07832959046626 1.06379469374148
"Arnim_Graefin-Dolores_1810" 0.847688363651398 0.915258212523 0.926724312053123 0 0.64673174536527 0.560733912790087 0.674508825470593 0.739953168961481 0.855684199760636 0.802123075532069 0.916851200912443 0.77663373486953 0.903599647805354 1.00940798577484 0.839506527448669 0.832295300101283 0.945716124833929 1.0837752630007 0.973388778086817 0.925443560186799 0.865102181887501 1.04332707333339 0.841915171638074 0.743944234645821 0.846377754809349 0.705571638654087 0.811317773106649 0.895491941607928 0.765910465528126 0.666336663947408 0.759152089964442 0.73206932298231 0.782773937950369 0.919460912076128 0.856575348068205 0.763645424545364 0.722293600828396 0.9742526292309 0.819703044948877 0.846226898415757 0.776248316054233 0.75862563703749 1.23031548061765 0.893483310437168 1.08558844284153 0.769867919270532 0.715175225003037 0.782837913103249 0.851372646060291 0.900081235240035 0.801751335015379 0.903456735734908 0.880583660982038 0.862010061999368 0.85482864981126 0.829384866541122 0.889512692103321 0.82568470526656 1.15209501740886 0.864183609628755 0.755681592344713 0.855758054500719 0.920755745649731 0.794612602259799 0.740370979920709 0.899631891336473 1.12076431933795 0.765375446552419 0.81059648682977 0.904049657301884 1.03209038382044 0.867833970282335 0.827249493217557 0.777940924467297 0.791657041151582 0.760395151942484 1.19812100404462 0.861526330581026 0.945748067038065 0.718024785308073 0.734704111971914 0.764196051267069 0.731901220889758 0.913942596896932 0.763593292211515 0.711135056890656 0.709580301827457 0.83562288118295 1.16972424709635 0.773179207808831 0.957441763636669 0.802424601497082 0.84470507008896 0.949358914555765 0.712035909736581 0.933552785811876 0.709649251590225 0.741660216424435 0.799737176372179 0.724776525591359 0.6971611945551 0.666198432026886 0.731519267086702 0.726776941617253 0.740327173347429 0.944917481592806 0.656888023224183 0.879497718415633 0.805554045803811 0.873007629370183 0.787381514258158 0.658322078265029 0.978993721756214 0.858201982602891 0.925260837119561 0.845891991648296 0.93797233456431 0.833292372659306 0.915612833295677 0.878641536880976 0.921903762707219
"Arnim_Isabella-von-Aegypten_1812" 0.955507016999094 1.01121680623321 0.942205572431874 0.64673174536527 0 0.650555963438039 0.815842760055891 0.85871074719654 0.902246480346392 0.908072646082919 0.962289647022479 0.85880737644381 1.01547739890652 1.07022452359294 0.940429362397363 0.904631149142727 0.953234420241092 1.12115087506533 1.02191952176273 1.01329684351135 0.93910838524914 1.08512521556301 0.969562574386426 0.871179736495315 0.897839929012799 0.83377282174437 0.913498171366271 0.958285577447163 0.908583608429007 0.829474260131441 0.900462468417652 0.878872540034706 0.888298329893187 0.993312402766624 0.939202185934694 0.84878299341536 0.84272889254544 1.00733153191197 0.946330024834021 0.972503478950233 0.894610338952078 0.869040911065118 1.22574608652788 0.958460827514877 1.12529388973013 0.866395893774146 0.823754523601371 0.887986491726288 0.964275977789682 0.998417149028115 0.889998710955337 0.994733942116201 0.967964335655787 0.896434531583503 0.909533754166 0.927503440963217 1.00320847829647 0.914845510663346 1.21307594179692 0.98726014705445 0.89688998446271 0.977074891235931 1.0308026257072 0.903589855728723 0.824966033031541 1.04772220257451 1.16264983030669 0.86281447506041 0.920259023125809 0.949941997708502 1.07388490786879 0.941893360839887 0.917589516891976 0.885343527367632 0.879484536932927 0.895570605746431 1.22951046283108 0.957482966391652 0.988297708704126 0.821446237138809 0.851752658872978 0.87744569606989 0.859357112640472 0.967086087702288 0.864157533827862 0.813311980180679 0.827616955131658 0.891637349723087 1.15682029294792 0.908794238843212 0.950267281980311 0.874738975916981 0.917221544949036 1.00488428882251 0.855912490317245 1.04172330112973 0.846438452597639 0.861799146220102 0.876287501557422 0.793251431279525 0.794502389028019 0.79371997385635 0.884816265419245 0.883719710864952 0.859331738022702 1.0566149531417 0.79856009392576 0.973035821801352 0.869790294882297 0.908317252832942 0.872010810564481 0.767405244443707 0.989736247083736 0.947564764394846 1.01799458612183 0.975212371209129 1.04202313790198 0.936412941735968 1.04237325899497 1.01824460281513 0.962883630717436
"Arnim_Kronewaechter_1817" 0.902279930582696 0.975703040107224 0.924358739602804 0.560733912790087 0.650555963438039 0 0.747870953955983 0.80842725761009 0.86679328726759 0.843597807788802 0.922308886593811 0.807128559743869 0.976727126945971 1.04763753375279 0.874433397573514 0.875770273169539 0.950348980154747 1.11438669988202 1.01614604994108 0.974202333064822 0.895733649900881 1.05443958729341 0.903035219526651 0.786343751481464 0.861024976537249 0.762324175322698 0.850809260329954 0.906835612524109 0.828671537669553 0.760916916329455 0.827551993246758 0.797666374914411 0.840555957396072 0.939913871488182 0.891282717746657 0.712885077648773 0.758154562011459 0.974877150001507 0.861434528876037 0.90383938440357 0.815934792550847 0.783686256441808 1.22470206861175 0.911781388077958 1.09719910945408 0.779874666384662 0.757661092234721 0.829690584651465 0.900181606247049 0.975079921430562 0.833097186548843 0.954494046669439 0.924830493234248 0.865137258993607 0.852594790809212 0.881472291768301 0.947430953760264 0.871691873747333 1.17519941553578 0.921399266417152 0.820252378659341 0.935090404818491 0.992534866997671 0.871100891716586 0.721800823951608 0.981455525679234 1.15734925280363 0.789401037119141 0.891236510908753 0.920487354990642 1.04179478933351 0.890477727311599 0.856195603612526 0.852195839470343 0.828740003327498 0.836786693576854 1.20086331814493 0.886538928660911 0.950666413529446 0.76307890044385 0.792298938926116 0.82961533737586 0.80633655097792 0.916548024292248 0.805001103187805 0.758478809389482 0.760850586978616 0.809782809611545 1.13993085449691 0.855912989804809 0.949759334620645 0.831282028156295 0.891140880417184 0.986762362470431 0.788861014578098 1.018896132236 0.781308940330414 0.8080827689218 0.775581052827055 0.675194703559205 0.742142070402089 0.717527379242124 0.764179416176384 0.824448194106183 0.801306271893321 1.02569050704972 0.738238005678704 0.871503151227933 0.792806922435168 0.856171088111231 0.833001742978245 0.72683823195102 0.981078351464677 0.888242459266558 1.00004217745433 0.920002428322853 0.994520568386348 0.922915385506697 0.975205246212767 0.966356682767743 0.890489945346732
"Brentano_Godwi_1801" 0.857925890750062 0.884010255441921 0.881148839414864 0.674508825470593 0.815842760055891 0.747870953955983 0 0.802120294767634 0.875349123510674 0.833191967390716 0.902328054987087 0.802066144500224 0.859428576985009 0.955276492979769 0.844015401121693 0.876128151218815 0.942685859877023 1.05744749545404 0.969502783621767 0.902001120924856 0.867226016057734 1.05286071692447 0.853605738511157 0.76881874398215 0.852247122387313 0.704560931790346 0.796966055939348 0.87383867072024 0.774209724744748 0.740554448191545 0.814877354452965 0.782295924514337 0.742742254651959 0.981918427773051 0.841261140647617 0.792193687334312 0.741455936371218 0.935393856637564 0.800260672958613 0.843173666265161 0.832257933754241 0.768575053177567 1.16618193510079 0.82214981773815 1.03915151309296 0.800737917350281 0.741708479658507 0.843831403932641 0.862832880396032 0.983434318217258 0.821172355662918 0.85940106489311 0.875927041863278 0.805836502265289 0.845726714339351 0.809620183590061 0.963376694073439 0.879045236559516 1.16060480214572 0.843902518110899 0.75414780078769 0.858841286244457 0.902880920588458 0.804021639715949 0.79106712712012 0.831853596994096 1.06956529666738 0.762193519287593 0.855350605640019 0.877652462975582 0.97979836841305 0.896335099481024 0.866153696180415 0.844273173570792 0.850024465089806 0.836876814359781 1.13948428053007 0.837109457432428 0.966711179273851 0.707276358262289 0.686410952304946 0.765397884290583 0.697426829883006 0.884933573721756 0.725027561428739 0.69544650662382 0.676253372227942 0.841361023608661 1.18396601220133 0.760837558314007 0.951764737179863 0.804295288543974 0.874881658511251 0.942783989546874 0.760099351802192 0.894186159469516 0.760534586012308 0.759926689946482 0.837690174588981 0.755137395371618 0.74432757285944 0.685638057479663 0.696641856449348 0.665375382322218 0.757064162332064 0.983047090577122 0.696232360493271 0.908804035239803 0.795860555110802 0.855834200809084 0.846169923337129 0.710369471804663 1.02275266242464 0.915770956857677 0.951436067226826 0.84957946593209 0.981587935773517 0.871621970244252 0.876412163835348 0.87842255884659 0.997094621178427
"Bruckbraeu_Mittheilungen_1829" 0.839930182275926 0.954092594246204 0.922841257582572 0.739953168961481 0.85871074719654 0.80842725761009 0.802120294767634 0 0.909624092408181 0.800105854465323 0.931223643021891 0.819304918678413 0.888655310898178 1.03859758094672 0.988289901550709 0.87724023177621 1.0337153462327 1.06160707171307 1.01718971717878 0.962307272708119 0.943642514209352 1.0388722762996 0.785763256132219 0.852416802020872 0.919735910272264 0.786372701990367 0.931017570430462 0.979293135862997 0.803334272404264 0.732717005230306 0.792284586738238 0.753898730421873 0.903162390508033 0.924964608972039 0.909775181017756 0.841763631461424 0.740259586613641 1.01620948914647 0.877204444985735 0.834658770899932 0.77422572388211 0.825247815069256 1.30065139775581 1.00959506703542 1.17714540842973 0.844489775173235 0.770966850483496 0.786292301500229 0.889654212154239 0.926315206494449 0.863900908945754 0.978560157470701 0.949269821367562 0.894114990319787 0.874361846323213 0.85154235796671 0.858308285827766 0.828582052707716 1.09524030866046 0.883658631696951 0.826742050231309 0.881830891182478 0.935366627592662 0.851872642541367 0.774375215845336 0.958171587123539 1.11779911286495 0.915047730295463 0.868814936197971 0.976844554768581 1.0640884881448 0.863620930588204 0.814952173535744 0.805712925693457 0.799824989581709 0.789422824350389 1.23697858827599 0.940290180758333 0.950770928611601 0.787945589587177 0.790647620355445 0.79442796104135 0.793946254603576 0.939577801892083 0.81907344572828 0.775209371568986 0.810725527084713 0.951538356073679 1.17127593482514 0.781040484804285 0.953720777686629 0.76942326609235 0.847165653702915 0.961638973013848 0.807026422698635 0.999494513862271 0.721385580589259 0.757834216697815 0.764073337990566 0.793726704665967 0.719662049738398 0.671994469628805 0.860735418191276 0.845619395101971 0.780091251255773 0.877896917402592 0.72772430012195 0.845900084535022 0.859314792749189 0.888203241145212 0.824398211600117 0.746338530425839 1.03065251184685 0.840667393934275 0.876090433493919 0.774066307629322 0.871536842920941 0.77986101283939 0.925493433768772 0.896928085441901 1.00462022626241
"Campe_Robinson_1779" 1.01688335729162 1.08416525172192 0.959471620425122 0.855684199760636 0.902246480346392 0.86679328726759 0.875349123510674 0.909624092408181 0 0.968462865079319 0.971431019180462 0.82419896398413 0.956432856070028 1.01625685852527 1.00294343859783 0.890409833561497 0.977003409834316 1.13846397579456 1.03307687916209 0.985857638154639 0.952732639064185 1.03144633005958 0.918212707927184 0.965817699268948 0.987971076586402 0.883149679349187 1.03975433860085 1.0414263694921 0.939344859765261 0.892067461334342 0.909459527455351 0.889094453396801 0.905887937031231 0.971166248930072 1.01289611823467 0.910746814706595 0.903239945178084 1.03890300191219 0.928222366746653 0.937025366032579 0.876347419520578 0.826909793244897 1.20270530287605 0.982809770640208 1.15119264006494 0.961301296919373 0.878239985627741 0.93613552374428 1.0250423373774 0.999390122974218 0.922073627223824 0.964189767999521 0.912859594010766 0.922095251303279 0.972708514891135 0.980009700994312 0.944628252052156 0.862745375926186 1.14060888823126 0.922067773920544 0.845834768887739 0.959494280649852 0.944348323261658 0.896829423374762 0.774753019541061 1.04551904582239 1.16154668070398 0.842915554982488 0.870433193295867 0.921957270837823 1.06554851268028 0.868942049217262 0.911657952398272 0.838415771863377 0.881426486672551 0.827358601932033 1.2254874439931 0.996505243725792 0.984667371074535 0.857554219167669 0.856445313701208 0.880072095840375 0.833845747085327 0.929742987131433 0.850568558977496 0.817499072168301 0.884504883136258 0.811999641056855 1.12662785948404 0.944443725651159 0.970663018379128 0.878496042495282 0.927268051503521 1.00749387228558 0.900764185256456 1.09104655667201 0.885065126654259 0.953247370664226 0.893776805982259 0.890978598338443 0.86003708382731 0.804041894272732 0.912128836107088 0.88021382834807 0.898098371055203 0.989627804520454 0.812881828320786 0.953324248392872 0.907335358203479 0.924214793417362 0.824549474556136 0.798151790537553 0.989683599981428 0.873728959670963 0.961480433294568 0.895010170371152 0.948388503839369 0.899613215595212 1.01582065661484 1.07983843628741 0.927917822315689
"Clauren_Liebe-und-Irrtum_1827" 0.88813600905991 0.953474002422631 0.96675294366354 0.802123075532069 0.908072646082919 0.843597807788802 0.833191967390716 0.800105854465323 0.968462865079319 0 0.978735570673931 0.900497383178046 0.98183613250989 1.05477040536435 0.957008061730734 0.870106804651518 0.980766143946874 1.09493070317031 0.978286963306286 1.00538288019909 0.963800278091011 1.02139008573771 0.968093727049412 0.832706202604965 0.904912660536025 0.792976012383494 0.906371877940737 0.931627309552236 0.881004215224634 0.82559341374106 0.857671739203302 0.861924535576085 0.915369066021876 1.03846492809386 0.875957051015193 0.858868550139409 0.806247185846531 1.06337798494126 0.97010385742404 0.960048670843814 0.92499742418415 0.918500915145626 1.24432288987863 0.999378847216851 1.1233433632812 0.878089140432228 0.810402894299226 0.864958653184962 0.924141226117958 1.00048551053919 0.896979069900607 1.01080567095996 0.966009113795076 0.9697212137027 0.994236598179612 0.932755098196145 1.02447151213202 0.903674491662296 1.20848729390633 0.96130890883041 0.876054814614329 0.957203446531743 1.02420269833865 0.896019206800823 0.867494485593177 0.962043359165307 1.14109403301985 0.882616895992442 0.952281638991587 1.01034215366753 1.08917319783445 0.944267037654923 0.909325927292035 0.847063339437382 0.885944010120074 0.907950190917062 1.2399508789788 0.952430440487943 1.02364661404405 0.858387823924054 0.870571627004958 0.897883652631898 0.880015962086042 1.02475526005657 0.893598315779984 0.85159441145738 0.853370319268247 0.959792937543377 1.17413294031157 0.865462719965529 0.996450499763797 0.906945197903785 0.936695312345242 0.97582001948414 0.840408109843138 1.034825679435 0.778865781297785 0.824210835649183 0.911727639110659 0.845782779907522 0.803521840192749 0.785350268620657 0.871890421939007 0.856717961431092 0.812576614046114 1.00862150025644 0.744140647381553 0.964532369392691 0.88645639852836 0.905874510293113 0.926869289334929 0.807520045869196 1.07311177623803 0.995424243705765 1.0305300891213 0.95715215453946 1.06364431199208 0.961575776091268 0.971082931340903 0.931433977422235 1.06199284840756
"Diderot_Die-Nonne_1796" 1.01514855680501 1.06157026927152 0.965835185099989 0.916851200912443 0.962289647022479 0.922308886593811 0.902328054987087 0.931223643021891 0.971431019180462 0.978735570673931 0 0.809796862784686 1.04693980240877 1.10615678944948 1.07097120989272 0.980225707052933 0.999663807046761 1.09905694711097 1.01737585514297 1.03756228213319 0.963564414826011 1.05723262933925 1.04695255518634 0.951702610108803 0.968971025931693 0.866209849585704 1.01392848088454 1.00891668024124 0.975990575186871 0.917329892766375 0.961170574063359 0.964282720243765 0.960550351426928 1.06871055788037 1.00106133082657 0.981102597456111 0.906539188792156 1.10769013878815 1.05200284063346 1.03057967912873 0.983189709259174 0.968466947032566 1.28188062353976 1.09683374464603 1.20480094372169 0.955616830552505 0.925791217053984 0.903207988578894 1.01306159451669 0.995913617808952 0.969247275711177 1.07466599786855 1.0164413614032 0.989531927830988 1.0247521058564 0.995968334198341 1.07723249649943 0.997136650269 1.23584033079008 1.05527243767042 0.929389617304656 1.00199249621649 1.02291263173319 0.946150079748535 0.797165727233744 1.10791797344096 1.23506507559484 0.947406567258993 0.967865095467807 1.05630329641198 1.13077733391831 1.02304011661999 0.953501431553909 0.905439650654774 0.925428322907632 0.951910828696961 1.33184716296807 1.10178161101561 1.0848203900391 0.967226267983359 0.952862434907484 0.975481690975348 0.965652012431039 1.08117649139607 0.97088537737205 0.933555504153967 0.977332255037136 0.95038285035047 1.18462861352508 0.96096485981281 0.903239083418369 0.815118995187825 0.966338669716298 0.985827818902791 0.916168082774783 1.14833562078768 0.931378412404338 0.957725607747967 0.919219033862782 0.915390003996824 0.822394635327865 0.883089669307338 0.987854841341531 0.950139093565866 0.934360900496817 1.04576906349946 0.864053057200424 1.07618780308257 0.933924644930465 0.95106671492728 0.983110852442506 0.860781544110758 1.0746005806234 1.01645322919886 1.07488934692757 1.02860613229634 1.09204680237109 0.993599677399325 0.989739865945106 1.06664376464249 1.06347828424686
"Diderot_Jakob_1796" 1.01094196310367 1.04504473761909 0.893151850062693 0.77663373486953 0.85880737644381 0.807128559743869 0.802066144500224 0.819304918678413 0.82419896398413 0.900497383178046 0.809796862784686 0 0.886077830970936 0.954454808997701 0.996324271392944 0.808491464959418 0.888717997579003 1.1046797942222 0.981268858950785 0.889468506875525 0.877278488342177 1.000192513438 0.924305375988158 0.922214284910746 0.969333091480053 0.764517702166237 1.01670986439322 1.00124644900563 0.917126599723019 0.788476501201504 0.846801226323138 0.844221009818069 0.828449194164429 0.988111657752966 0.912167420978221 0.816235029799944 0.751257386235611 1.02206500989196 0.906833663360815 0.914421007292369 0.791314238847231 0.734655796719358 1.29282208509524 0.998410704812238 1.17861362362618 0.909298111055097 0.812217696033022 0.878001300425948 1.01809233898181 0.947466910720146 0.937049072254981 0.916890712901623 0.910253323837441 0.894835465858938 0.890251042047656 0.904277416309255 0.900350422867843 0.838693394663553 1.14693997986448 0.977164488434644 0.811092174174028 0.887704872043371 0.911332690547672 0.806859651889793 0.670490271284823 1.05753314562747 1.24697564421506 0.797207650946844 0.914348484122658 0.96742707706517 1.10424270008793 0.792308804383231 0.845912470589757 0.801761084213612 0.837248619941828 0.769068916117052 1.31701807302511 1.03986050569588 0.949788062398787 0.809966052197616 0.816305368421918 0.830452026792135 0.796098571747111 0.941445892540606 0.829811970345959 0.776347563297196 0.867375701985827 0.768715602826633 1.17257332472708 0.88387339743555 0.861259245356476 0.709721094019177 0.852923024584643 0.94235210219486 0.841511131490542 1.06312997455075 0.859271843875456 0.927854382095366 0.7697718250634 0.765916355614839 0.693965571322319 0.701964534710604 0.876663244151911 0.816863722364133 0.847602321411745 0.974136879484671 0.733521284192663 1.00646779335438 0.76647080383327 0.84784735753497 0.836863033357082 0.670774585501958 0.953902143793121 0.813278512596613 0.940367659459758 0.824977697150218 0.940117439318036 0.860657038670537 0.942737570833011 1.04206405847581 0.927261317350671
"Ehrmann_Amalie_1787" 0.9955583232674 1.01786247092933 1.00924395231146 0.903599647805354 1.01547739890652 0.976727126945971 0.859428576985009 0.888655310898178 0.956432856070028 0.98183613250989 1.04693980240877 0.886077830970936 0 0.700547207967183 1.15645934528551 0.908238536122263 1.0885609700864 1.14280880889176 1.06752421346437 0.9514855232921 0.990357795295813 1.1202479184794 0.901443271430375 1.02222379415807 1.06726523070873 0.885650127256388 1.06189552191289 1.08085770020204 0.942921946838051 0.861801636461385 0.951387731384327 0.92933952925588 0.932806366646013 0.999231345992407 1.02610724179319 1.00827953534962 0.920756169400658 1.15755869017558 0.937819020742183 0.965851020277433 0.874722384097566 0.876254541759597 1.31912065242965 1.02033385735545 1.17418456055828 1.0211791971615 0.931043882028885 0.945252844868303 1.01886050164293 0.978737492607903 0.923095171814178 0.940184175524948 0.991079006764538 0.977015967449066 0.922222693959394 0.91492566838682 0.960218296945125 0.936610616201243 1.08361325029429 0.966469724199705 0.85753201824451 0.867078060445616 0.899425760247836 0.786167227599776 0.927471027778715 0.973573712641019 1.14194717995999 0.913767928728668 0.980410838784561 1.04973609085934 1.18343029325771 0.954407066279512 0.890115442360743 0.871644492339001 0.932008874258205 0.885592320262751 1.2909081802408 1.11463575263259 1.04410483942785 0.925897463562336 0.874404098192495 0.886846581400857 0.855451808369561 1.01398357048988 0.910885161821344 0.870143223456562 0.938198919479388 0.917616254120563 1.25720176400069 0.844443056666333 1.08676352128293 0.851328286585476 0.99142038690457 1.06609082303265 0.943938902864625 1.0299951506501 0.910275367453334 0.96384240265519 0.935256163886048 0.915027653292966 0.901848868078822 0.779500407629926 0.990329562828896 0.834474801512254 0.900684724183127 0.996637970865459 0.795278814440635 1.03018863704431 0.990266992073768 1.01825828165356 0.877221031368655 0.818511033671039 1.08180004490335 0.928459136319845 0.925305603391852 0.844573074016829 0.944293763719093 0.918503776037842 0.914853874457337 1.02269721342699 1.06149552682701
"Ehrmann_Nina_1788" 1.09485209038173 1.06304049961282 1.08418327109285 1.00940798577484 1.07022452359294 1.04763753375279 0.955276492979769 1.03859758094672 1.01625685852527 1.05477040536435 1.10615678944948 0.954454808997701 0.700547207967183 0 1.21677675608454 0.965064562576953 1.06483574876607 1.15997736032639 1.0880060039742 0.962369629538613 0.989748929528628 1.1579194525973 1.09262342491018 1.08866775813 1.13564842059631 0.969573041017713 1.1204765165621 1.1116918093836 1.07294738695467 1.03909043148739 1.0821066629153 1.08610330773322 0.951620551536701 1.13377364997741 1.08597746994333 1.07475664669855 1.02864507469423 1.21519157583056 1.06851862997283 1.093987356989 1.00790980402365 0.958797859480671 1.28160713872012 1.01527731014298 1.16591369295621 1.10878551057375 1.02380370317575 1.07073714682718 1.14670226092482 1.07867362180845 0.997159811070782 0.986008177071088 1.02193918853268 1.05850962103976 1.02276799125689 1.02050314137557 1.14385616621871 1.07207177063662 1.2265159291069 1.0665715577339 0.964893216482855 1.00362657584136 0.97366503243248 0.884729327134172 1.03395394100756 1.03646187571252 1.19756981662983 0.925155943443256 1.10906573004663 1.09789990562705 1.20753983587088 1.04299722115563 0.983991279025038 0.991373896153681 1.03439273555466 1.04889437969625 1.33912160413683 1.19967565434607 1.09016926945048 0.995949892690096 0.946716226549512 0.997429521610307 0.951403154152579 1.08010067602702 0.9640021871298 0.949796713765323 1.00359573099446 0.920933151076606 1.30489333737524 0.960526663185328 1.08224510491804 0.965966869305199 1.10402068204972 1.11982774625988 1.04514399712465 1.09341123968873 1.02582554564376 1.06143000286996 1.04873753175455 0.983254140210029 0.984413495510826 0.900242704799267 1.0669871142417 0.920120858157153 0.985062231407557 1.1371511006192 0.915969882331266 1.1597201736027 1.03000470198996 1.05608326959097 1.0019385702231 0.913928437788257 1.1500848475618 1.08161056782578 1.10679042096707 1.02487351682424 1.13981256107479 1.06423292394933 0.996952259664193 1.12937565394381 1.14567068653803
"Eichendorff_Ahnung-und-Gegenwart_1815" 1.03089105402006 1.11605883004141 1.02283265530782 0.839506527448669 0.940429362397363 0.874433397573514 0.844015401121693 0.988289901550709 1.00294343859783 0.957008061730734 1.07097120989272 0.996324271392944 1.15645934528551 1.21677675608454 0 1.08701274578228 1.02643657848554 1.25277181943418 1.10438322223616 1.15685457514072 1.08145311328935 1.17749190527911 1.05829260360269 0.87397933644396 0.926430223437822 0.907134027647992 0.907067146376713 0.982756037505507 0.989084868826409 0.947577396730444 0.991737483687461 0.951154314085568 0.973982300793188 1.14177988860462 0.994887413249716 0.883191892099353 0.90590979955754 0.992666739794556 1.00923420919005 1.01469762026621 1.08413519399236 1.03970935551474 1.25228101537421 1.00044577669916 1.19258454697984 0.888410582152352 0.8892634672207 1.0352829128808 1.04245257546957 1.17836193254003 0.988839271470665 1.10034213720528 1.04257233300885 0.956568258846144 1.07213104829525 1.09136241894832 1.18145863994176 1.0457404134212 1.3815132075611 1.06953013060672 1.00382108124548 1.13977625765565 1.17886376047213 1.10214679448796 0.928586835515139 1.06348083295667 1.27315748930385 0.946266480769364 0.987860198483602 1.05385921693836 1.08567323461206 1.08250492166348 1.10391129572551 1.03892182555116 1.05150783773703 1.04734409158257 1.26194425798085 0.928877792599875 1.07860468678777 0.8484363345494 0.91451027320726 0.948499905736142 0.919979015936737 0.991162054049855 0.930228724469205 0.880270097302304 0.828496869710304 1.03558276418098 1.24623029129328 1.04433247970983 1.07166558681724 1.06114827884251 1.0369157471587 1.07083887431831 0.917880176861806 1.10007011163463 0.917307681831447 0.936158470168784 1.02026505003614 0.951154471854466 0.918286054942552 0.919441247984897 0.85279266376371 0.932340678092316 0.950905416885616 1.17505241330954 0.926192739062557 1.03938702893985 0.932152260182266 0.998198085919178 1.00319528512794 0.90110718468804 1.08799333853202 1.10911274073853 1.18183060441946 1.14038408323202 1.21613933395482 1.08084925456103 1.17732222493301 1.09679933296161 1.10206395465368
"Engel_Lorenz-Stark_1801" 0.965366048070839 1.00543824321168 1.01412920056917 0.832295300101283 0.904631149142727 0.875770273169539 0.876128151218815 0.87724023177621 0.890409833561497 0.870106804651518 0.980225707052933 0.808491464959418 0.908238536122263 0.965064562576953 1.08701274578228 0 0.969670790700895 1.08885258944946 0.993308371340403 0.925645375822115 0.895931873716752 1.01977425379164 0.94099942720259 0.931909651562779 0.988193144758003 0.815703400023737 1.01312904367141 1.00851310081711 0.942865923170783 0.819050186834967 0.886627795997383 0.878204084203975 0.877526154358245 0.998794800445389 0.970765195601627 0.910776261766417 0.853440917747029 1.1160154026931 0.962479376826052 0.960032942556639 0.849911490067958 0.809835814266948 1.26638674174398 0.998619259375473 1.11647024992283 0.977074263756696 0.882426916605521 0.865781362168733 1.02397006085238 0.926292553680446 0.927898559784855 0.922689208099832 0.885424170392941 0.96889563165916 0.978744213142568 0.900715027963199 0.956556888568956 0.87550875773254 1.11579998787964 0.966612308821913 0.829712068033784 0.889453717296898 0.902214257095591 0.827887377697318 0.832249809698473 1.03380526623255 1.17358650832202 0.824398416076325 0.93054334207499 0.98293819560541 1.10562536565124 0.859524321195676 0.889641430264667 0.80506377812625 0.870906898134496 0.823974473556885 1.29205888954296 1.03096272074885 0.986693350605885 0.859066833647061 0.854904223645487 0.870327428195738 0.849795022034639 1.00461082048753 0.878011187693437 0.823164524067532 0.900105186799681 0.836795439633032 1.18112067657572 0.895992098512949 0.996189678911317 0.888482081142414 0.898813251299314 1.0114422321626 0.865788161101324 1.03802193450942 0.844649164519823 0.913852861527007 0.909609717255156 0.85150617115556 0.809021330887659 0.756948925348446 0.922054385234078 0.84223523676618 0.841886622965516 0.978729563945791 0.72568881253783 1.02980672905532 0.935256815369662 0.929362361654426 0.893905960580805 0.752617424842163 1.0315983834453 0.867957169025626 0.929091674820686 0.850185353190802 0.945338570634021 0.897524345569257 0.956364979214708 1.01827570624288 1.00159727432288
"Fischer_Christian_Hannchen_1800" 1.11491436414935 1.10115340393352 0.976407590147711 0.945716124833929 0.953234420241092 0.950348980154747 0.942685859877023 1.0337153462327 0.977003409834316 0.980766143946874 0.999663807046761 0.888717997579003 1.0885609700864 1.06483574876607 1.02643657848554 0.969670790700895 0 1.18690093127683 0.983192409755606 1.03648449760023 0.972979650313435 1.02909557993 1.14715207508813 1.00297224156526 1.0357588478998 0.928918934053433 1.05828998738384 1.02957568183277 1.05733248107544 0.988836451532619 1.05327888829512 1.06443962705429 0.951212642952335 1.15984287424402 0.996132220074668 0.96799212569003 0.934787621907221 1.07434252926934 1.09527153690909 1.06591608948523 1.0554909235461 0.957634623286718 1.25543935393315 1.0470712384518 1.18485388963118 1.0202531163142 0.960949188373106 1.04703071477296 1.13448862621718 1.09889219681072 1.01947169390435 1.05313637881118 0.990159969896467 1.02476153235998 1.05654872370278 1.07557640105967 1.19751154651251 0.999126794242994 1.33066377215104 1.07724727326599 0.947351329457294 1.06667248481625 1.07680999541197 0.981768458495507 0.94904327283536 1.16022892338604 1.26145355210787 0.834178366999199 1.04416176640273 1.06743665445947 1.12750633275634 0.99651918352638 1.05712295965901 0.990460506734365 1.02779462227156 1.02554792486559 1.33036838778208 1.10440253557737 1.06085121228712 0.937077140536959 0.953526374808109 0.991113218798588 0.945717459455905 1.04947873056858 0.956011346555877 0.919331197334012 0.971858373265251 0.891152844234826 1.16609454813676 1.081019919916 0.950587312866447 0.992432494035946 1.0271782039986 0.955389201962517 0.995497229783791 1.15340694008151 1.01063449580081 1.05205196550047 1.03863998583984 0.950003431025657 0.909349799890894 0.911255241263993 1.00368073719223 0.985096653578641 0.947702217298162 1.18276698914323 0.868373441443056 1.13874161419528 0.910068511600723 0.916729623187128 1.00257683173403 0.843032638359129 1.02567795787484 1.07702376143889 1.16742160180927 1.12018356504094 1.21441451667502 1.10630424672208 1.06789670872037 1.1425443838538 1.07529509589245
