"" "Ahlefeld_Erna_1820" "Ahlefeld_Marie-Mueller_1799" "Anonym_Schwester-Monika_1815" "Arnim_Graefin-Dolores_1810" "Arnim_Isabella-von-Aegypten_1812" "Arnim_Kronewaechter_1817" "Brentano_Godwi_1801" "Bruckbraeu_Mittheilungen_1829" "Campe_Robinson_1779" "Clauren_Liebe-und-Irrtum_1827" "Diderot_Die-Nonne_1796" "Diderot_Jakob_1796" "Ehrmann_Amalie_1787" "Ehrmann_Nina_1788" "Eichendorff_Ahnung-und-Gegenwart_1815" "Engel_Lorenz-Stark_1801" "Fischer_Christian_Hannchen_1800" "Fischer_Guenstling_1808" "Fischer_Gustav_1801" "Fischer_Honigmonathe_1802" "Fischer_Margarethe_1812" "Fischer_Vierzehn-Tage_1801" "Forster_Ansichten_1791" "Fouque_Falkenstein_1810" "Fouque_Magie-der-Natur_1812" "Fouque_Resignation_1829" "Fouque_Rodrich_1807" "Fouque_Spanier_1814" "Froelich_Kentucky_1819" "Goethe_Lehrjahre_1795" "Goethe_Wahlverwandschaften_1809" "Goethe_Wanderjahre_1821" "Goethe_Werther_1774" "Haller_Usong_1771" "Hauff_Bettlerin_1826" "Hauff_Lichtenstein_1826" "Hauff_Memoiren-des-Satan_1826" "Heine_Harzreise_1824" "Heinse_Ardinghello_1787" "Heinse_Hildegard_1795" "Hippel_Kreuz-und-Querzuege_1793" "Hippel_Lebenslaeufe_1779" "Hoelderlin_Fragment-von-Hyperion_1794" "Hoelderlin_Hyperion_1797" "Hoelderlin_Hyperions_Jugend_1797" "Hoffmann_Elixiere_1816" "Hoffmann_Kater-Murr_1820" "Huber_Ellen-Percy_1822" "Huber_Klosterberuf_1830" "Huber_Luise_1796" "Huber_Seldorf_1795" "Jacobi_Eduard-Allwill_1792" "Jacobi_Woldemar_1779" "Klingemann_Nachtwachen_1804" "Klinger_Faust_1791" "Klinger_Geschichte-eines-Teutschen_1798" "Knigge_Benjamin-Noldmann_1790" "Knigge_Braunschweig_1792" "Knigge_Josephs-von-Wurmbrands_1792" "La-Roche_Oneida_1798" "La-Roche_Rosaliens-Briefe_1779" "La-Roche_Sternheim_1771" "Lavater_Unveraenderte-Fragmente_1773" "Liebeskind_Maria_1784" "Manzoni_Die-Verlobten_1826" "Mereau_Amanda-und-Eduard_1803" "Mereau_Bluethenalter_1794" "Miller_Siegwart_1776" "Moritz_Anton-Reiser_1785" "Moritz_Hartknopf_1786" "Moritz_Hartknopfs-Predigerjahre_1790" "Mueller_Siegfried_1779" "Naubert_Alf-von-Duelmen_1790" "Naubert_Amtmannin_1787" "Naubert_Hermann-von-Unna_1788" "Nicolai_Sebaldus-Nothanker_1773" "Novalis_Lehrlinge_1802" "Novalis_Ofterdingen_1802" "Paul_Feldprediger_1809" "Paul_Flegeljahre_1804" "Paul_Hesperus_1795" "Paul_Katzenberger_1809" "Paul_Loge_1793" "Paul_Luftschiffers-Giannozzo_1801" "Paul_Quintus-Fixlein_1796" "Paul_Siebenkaes_1796" "Paul_Titan_1800" "Pestalozzi_Lienhard-und-Gertrud_1781" "Pfeffel_Biographie-eines-Pudels_1789" "Pichler_Agathocles_1808" "Restif-de-la-Bretonne_Anti-Justine_1793" "Sade_Geschichte-der-Justine_1797" "Schiller_Geisterseher_1787" "Schilling_Denkwuerdigkeiten_1787" "Schlegel_Florentin_1801" "Schlegel_Lucinde_1799" "Schopenhauer_Die-Tante_1823" "Schopenhauer_Gabriele_1819" "Scott_Ivanhoe_1819" "Spindler_Der-Jude_1827" "Stendhal_Rot-und-Schwarz_1830" "Thuemmel_Reise-in-mittaegliche-Provinzen_1791" "Tieck_Franz-Sternbald_1798" "Tieck_William-Lovell_1795" "Unger_Albert-und-Albertine_1804" "Unger_Bekenntnisse_1806" "Unger_Julchen-Gruenthal_1798" "Voss_Ini_1810" "Vulpius_Rinaldo-Rinaldini_1799" "Waiblinger_Briten-in-Rom_1828" "Wezel_Belphegor_1776" "Wezel_Hermann-und-Ulrike_1780" "Wezel_Kakerlak_1784" "Wieland_Abderiten_1774" "Wieland_Agathon_1794" "Wieland_Aristipp_1801" "Wieland_Der-goldene-Spiegel_1772" "Wieland_Peregrinus_1788" "Wobeser_Elisa_1795" "Wolzogen_Agnes_1798" "Zschokke_Goldmacherdorf_1817"
"Ahlefeld_Erna_1820" 0 0.808886242085274 1.01818242721434 0.846620374771344 0.946640564612345 0.899763846474609 0.865277300289873 0.845252716743879 1.02760171729683 0.890120150521774 1.03419641258057 1.02118249237068 1.0099966571564 1.1217992584633 1.03582081905504 0.977464765848764 1.13528297936195 1.09976533806688 1.02708388377463 1.05754916406629 1.0293383766341 1.10800942266738 0.913809724808477 0.819231139342695 0.877257608582248 0.842515964795704 0.82661352069507 0.915211947198403 0.848551115276263 0.850901166746602 0.854836764482032 0.855279656704459 0.970207547771041 1.02654560268222 0.975665505221098 0.915893010295836 0.891315739981398 1.10961573367444 0.971455252177595 0.966169934802112 0.946885652333085 1.01581843911393 1.23020383548483 1.02088912871536 1.12413872680442 0.876560929456944 0.860558337641479 0.812519520682318 0.864003536212626 0.981568070303426 0.818497215884101 1.0309066978575 0.961594547468171 0.975547485722197 0.967055176492824 0.88688729328896 1.0611294099347 0.997046619053331 1.193652940091 0.974691408802632 0.947109869921236 0.996464105406376 1.05231509728094 0.948547453376524 0.932254977750965 0.865344371784121 0.995220649195658 1.00691409565789 0.943556963495716 0.99494003288505 1.06351268371657 1.04455496203566 0.93573578794764 0.912575530541976 0.903181741044541 0.974641843785539 1.20377567539408 0.927914710025388 1.09317602914423 0.901030092304295 0.877168370379083 0.916307565554945 0.917076342138116 1.0687519637751 0.928189687740854 0.883278417866585 0.835325963426574 1.07628698534311 1.20314090879467 0.801532586120919 1.08236038612472 0.938393489746795 0.984692536899967 1.03720714091962 0.862863495395122 0.952155161859999 0.756769370576483 0.708221210160693 0.909958621316756 0.876227970467284 0.850288131575511 0.808525033518083 0.917523081913566 0.923559993252025 0.829126956141311 0.976647143644947 0.827298190884933 0.906430969720556 1.00910829100527 1.01113518406762 0.941378112246086 0.881357975764271 1.14076657349003 1.0408857440276 0.987148217767006 0.955211165559618 1.04547012801245 0.929227101403951 0.971974333916523 0.843418613451516 1.1422081893545
"Ahlefeld_Marie-Mueller_1799" 0.808886242085274 0 1.08669365851543 0.917134300658695 1.00721965085996 0.973922122562083 0.885425616998056 0.961708176755198 1.09675069952653 0.951808802404482 1.07227864058811 1.04721941120223 1.02295969663992 1.08593222298558 1.1190144451774 1.0148154006003 1.11464630927252 1.12417655541676 0.995551852379466 1.07786102245244 1.05212464308847 1.12658114914967 1.07793066312025 0.927119573025811 0.992892307519585 0.923942228371939 0.923191679266909 1.00509507167963 0.925990342893942 0.928278956181855 0.97043494637105 1.00661232009649 0.958734569548296 1.06906181104221 0.99596500029203 1.01278658153718 1.01085485266922 1.18687448240774 1.07211362511139 1.05882298971047 1.03919723561872 1.04496876400995 1.24872067809952 1.03382728385549 1.12518917570938 1.00459877266333 0.977129273385166 0.898488702917876 0.937709948874518 1.00347979241911 0.866920344115024 1.08608657069775 1.00805655242664 1.06838169367811 1.03361144620548 0.936597682521141 1.16282674599125 1.04956769097298 1.29490068974976 0.963734565592085 0.919467796526236 0.952411033011959 1.08685445688671 0.903921917791504 1.03838587151909 0.894126086435983 1.03175584727299 0.961736392863434 1.03101179399981 1.05643357107053 1.11230372941784 1.11445131092078 0.979550333176821 0.915097286938747 0.927032875950879 1.04299402898018 1.30288539909089 1.00120238190691 1.17466293685731 0.974665977076496 0.908676461924403 1.01671587621795 0.958005679984754 1.13009578601252 0.965854124480495 0.941700518032041 0.902478982848308 1.07776464735133 1.25362960543003 0.835858310949792 1.0861848484759 1.00116426776158 1.01969111184929 1.06660797756552 0.937933100246081 1.03430237816333 0.870899261858534 0.841482930869566 1.03276763805157 0.96029771424605 0.931710299289721 0.88533084216016 0.949402205931371 0.92118850267171 0.908848761670939 1.08711881775785 0.857972714440626 1.06112268228623 1.01988232574472 1.05445095922955 0.990957624902338 0.897280659357867 1.15742483804192 1.14071160512252 1.06379910752703 1.07155793542082 1.1271129129458 1.0291777410803 0.875545792995279 0.878450178872994 1.20481810179961
"Anonym_Schwester-Monika_1815" 1.01818242721434 1.08669365851543 0 0.929273058826407 0.940791865690876 0.928357943681961 0.88159113379359 0.922969721010309 0.976886469365212 0.961733938646529 0.975214453181937 0.899296798104697 1.01614699518057 1.10028120485879 1.02627907389245 1.02671537880331 0.990807991242421 1.17024306365172 1.05920065696842 1.03396453036722 1.01148270747677 1.09698026080692 0.980573076491985 0.975635824807695 0.983445625346553 0.954281205049332 1.02321179999099 1.03089642372756 0.988243008874256 0.942075367655297 0.991525171719966 0.970382507427065 0.962329048646625 1.07475201538667 0.995720758606807 0.941251401566777 0.899648319538619 1.0713099072825 0.972142421353844 0.971094732599282 0.960544886216657 0.941517326791305 1.25957657595415 1.04155494013273 1.19296600215177 0.93152957192955 0.891909607956478 1.00235764635835 1.03783051707596 1.1098037393524 0.98240070130561 1.00904675109309 0.994683209053412 0.954265862777054 0.955812529570586 1.01345837355685 1.07097666007325 0.997471421762099 1.23584546241193 1.03608156963045 0.953324295386052 1.04262050414162 1.05345324193757 0.997187638460489 0.927283598917787 1.10026243825055 1.20244250781356 0.961050389134204 1.05033971299454 1.01210353442934 1.08797859148629 1.00439083778499 0.998092661058457 0.981041700558947 1.00124128037694 0.98785458811179 1.26895137436208 1.05161927286888 1.03854959883821 0.919219833179527 0.912974892522685 0.938824509571458 0.893581080692484 1.00102236236289 0.911267022279477 0.886679785863365 0.911214229873731 0.960131629226994 1.15454809901651 0.975338009627709 0.925551439552361 0.860528943273765 1.01970459741464 0.925566965490785 0.958457580867115 1.06953229902962 0.956281125259736 0.994198846552896 0.939992445926151 0.904506042648935 0.891960107796008 0.859933035934583 0.982664615735973 0.988404750787599 0.930221247111962 1.06516968485043 0.878361918231995 1.02140315856656 0.926267715488942 0.9534251968498 0.955719790125933 0.870550640035196 1.0333260607294 1.03399536678063 1.09185495766348 1.01511112797292 1.09932831238564 1.00339476507864 1.06589236333272 1.08008165252332 1.06913098382156
"Arnim_Graefin-Dolores_1810" 0.846620374771344 0.917134300658695 0.929273058826407 0 0.638891849071137 0.557944556845754 0.675786105759466 0.747682378166975 0.866726575540102 0.797026797951062 0.938434096590094 0.786348588332101 0.916121659308818 1.0308739498539 0.841196328809382 0.837815329368856 0.963302256285037 1.09375297024588 0.977232947513523 0.936028662102143 0.88889346406278 1.04621239201546 0.852575838366129 0.745360956995207 0.847295870878367 0.719070010199594 0.805534349014883 0.895075514271001 0.772538797740081 0.670950415278011 0.764411016858409 0.738705197355694 0.788878167451413 0.924484469907116 0.858666679648857 0.763803279490613 0.724288601658589 0.983671664023296 0.824679890317624 0.851093393603034 0.788536566069398 0.770515202487128 1.23326804046956 0.917044480340213 1.09541849341799 0.779931735009642 0.722823658674398 0.790564180418184 0.850021709917748 0.908865482295338 0.805894255479643 0.904088658554315 0.877392106155041 0.865882707141201 0.852806505381175 0.833029119984529 0.890687188144944 0.824289015487637 1.16188392232234 0.870217645752452 0.756654942157599 0.859944479144952 0.932075161840816 0.806875755791131 0.748188606024551 0.908735379827669 1.11419225202078 0.77473475477523 0.826501590874857 0.895914238673964 1.03112730738028 0.870837634341985 0.837677943374013 0.784647780560005 0.796039090608179 0.759903708877081 1.19386505872703 0.852927206748234 0.950412170931886 0.720867053105053 0.742818763345287 0.767014267523074 0.738235007243109 0.923156109306839 0.770672823985703 0.716569811737572 0.713931290760352 0.852782182991466 1.17211699669791 0.780093087441096 0.966060842385011 0.816102750790425 0.849868482067747 0.956765924921209 0.718077452176994 0.935372687547889 0.710315968295437 0.74277825863338 0.807672719392867 0.73595472185007 0.703633684663668 0.670739567742386 0.733841544508522 0.743664701125822 0.735792116096146 0.956143351185367 0.662142806059676 0.883841657714222 0.816283143637419 0.875787330173144 0.783994908771936 0.65692307611603 0.970829938920281 0.860577530682344 0.93483263480159 0.857503626550942 0.944168402040899 0.83750462244079 0.926480938961779 0.887845099084027 0.925673984230881
"Arnim_Isabella-von-Aegypten_1812" 0.946640564612345 1.00721965085996 0.940791865690876 0.638891849071137 0 0.642831665891424 0.812766513046925 0.865128038617796 0.910492560059438 0.90084630711962 0.982831455042719 0.868128123568224 1.02535468535969 1.09067676919037 0.936135567740404 0.910560281974139 0.96614481406356 1.12789269178277 1.0224978601856 1.02018151788593 0.957413334414544 1.08543933951246 0.973643667612978 0.869023825743599 0.894674014670602 0.842186850090273 0.90761675944451 0.959084872155814 0.91382154094849 0.829445996499222 0.898364948813164 0.881191917140771 0.89053345325545 0.995441935626459 0.935659874192371 0.843613816768384 0.839431653720852 1.01496636973576 0.944465061765445 0.974327282144781 0.897449990826249 0.872617850960696 1.2269567683322 0.975929976961229 1.1308835933622 0.86823589745716 0.826346603532651 0.890982946860304 0.958833262376708 0.998717997283339 0.886168093815829 0.99616382005345 0.960817949037226 0.895714472291544 0.903475344299818 0.924934171200815 1.00289800148595 0.911775073989548 1.22043432274943 0.992298756525105 0.897908990835165 0.979030448326957 1.03847496505507 0.91643943636092 0.82701810469847 1.05245145849142 1.15694914060588 0.867623431206978 0.931706566297213 0.939315423701855 1.07357876416892 0.945800812003875 0.922659418404949 0.886456369060449 0.875397345473895 0.893818253689528 1.22917573662376 0.947089565548013 0.987065937068386 0.815811248918408 0.851167252417317 0.871666727587822 0.859742851569478 0.967082375376807 0.864002873114513 0.810838486316467 0.821958517019291 0.902449728413212 1.16362632000858 0.906621382786144 0.955103172430381 0.882766793012304 0.921665016855354 1.01305688682471 0.861542871348575 1.04164582556397 0.8459427465588 0.858319582699935 0.8779704445304 0.796277600560924 0.793930224923105 0.793815703061576 0.882462653973994 0.894937321926654 0.851239580787069 1.06025080906931 0.800439123853084 0.968794301413404 0.876185218490934 0.905629545515105 0.86667648812419 0.764389466818472 0.978928510788396 0.947944228813499 1.02340619471525 0.981660919782084 1.04541045078723 0.937633378851083 1.04952641432943 1.02379291951743 0.967366873436284
"Arnim_Kronewaechter_1817" 0.899763846474609 0.973922122562083 0.928357943681961 0.557944556845754 0.642831665891424 0 0.750391866052383 0.813184268788164 0.876124661028339 0.837477099760801 0.942972589236371 0.816941331442966 0.988632716919185 1.06861369984906 0.878338576072309 0.882009502169491 0.967487629745713 1.12664198841109 1.01880337168225 0.983191451331933 0.917468912663824 1.05748143206887 0.911335673060218 0.788660629197141 0.862421841175134 0.776746394331928 0.84603268075956 0.908175168306357 0.83047551797851 0.76433124849938 0.830933816299621 0.802340251098829 0.843816589158879 0.94579355582174 0.890819624294069 0.713368738177257 0.76243258694615 0.986549841922515 0.868029636499672 0.909458622795667 0.823665237293338 0.793870717175423 1.23030132729738 0.93498435626331 1.10836814811927 0.784940687701034 0.764026297768409 0.835223734725603 0.897187210347367 0.984983449229126 0.83422542765314 0.958886892011814 0.924822615476717 0.868390735107484 0.847960262521407 0.880367689189834 0.948384853474358 0.868007508745924 1.18480454334316 0.927054980093005 0.824666148968964 0.940668562570738 1.00645806263639 0.882559105580483 0.725828620394617 0.991529241208349 1.15462767265436 0.796171765017434 0.905448355643235 0.911352076970607 1.04392062181864 0.895047388992945 0.859221036987273 0.859207376380877 0.827705949001162 0.839520224856186 1.19917704472479 0.875973976911052 0.953532308266668 0.763553185915119 0.796384477419673 0.828500078354909 0.812278488719892 0.925729105989733 0.808785456431691 0.758970336838156 0.759783299388255 0.823813836617887 1.14692600041232 0.854812695931184 0.960210630323484 0.843651301970329 0.894277316370896 0.999731984857486 0.79765081750382 1.02584548942291 0.781249178641796 0.806628248585062 0.778345117590058 0.680483539487829 0.747281610404856 0.718907722694794 0.766184844571534 0.841161092774633 0.795451888456975 1.03196458954769 0.743273688210059 0.872800331805737 0.803145328837356 0.861390626401693 0.829085768431475 0.728075618213588 0.978562106887174 0.895145473102823 1.01354901683779 0.929573027644192 1.00102868689905 0.92811904812349 0.986912614652045 0.971986279254241 0.894153175649132
"Brentano_Godwi_1801" 0.865277300289873 0.885425616998056 0.88159113379359 0.675786105759466 0.812766513046925 0.750391866052383 0 0.809788677075967 0.888301540080338 0.830027828017702 0.915527993594609 0.799560383621454 0.862931229474274 0.967428470841281 0.849171557771803 0.880657956886476 0.947156051823829 1.05748736916034 0.960000206828404 0.901700775533425 0.874095496227728 1.04694294666707 0.864886673615248 0.767447813129429 0.850915973732266 0.701823874362113 0.794113158882336 0.875001577737969 0.777559935432754 0.741122876376316 0.813844100058947 0.783342361617337 0.73510848146762 0.994924280522601 0.837974673433093 0.794277324052754 0.7412687058054 0.941569013905213 0.80540443339514 0.850521704126467 0.839530013008379 0.772651291981434 1.16456681338458 0.834168819151952 1.03809082500184 0.806350524143541 0.74857267886942 0.850104058741145 0.868701453166292 0.998636200888944 0.833682778418977 0.8532254476399 0.868906814594966 0.805824175082983 0.849458596123243 0.806194447059297 0.964525119029586 0.878978428634348 1.16669899392212 0.846956834075839 0.752664925451985 0.859018282596596 0.901698117106325 0.800142807217243 0.79840948499237 0.826670891773299 1.06100268490743 0.767063166687087 0.875709927505153 0.872721685443664 0.988979650556577 0.900780775869647 0.867415302556675 0.847394967861172 0.854814757835157 0.84270309180311 1.12943216780973 0.830093676237491 0.966633670657799 0.714386242864125 0.696679098717321 0.769872918725942 0.706224855768438 0.890263885954846 0.734897450621183 0.705061421499478 0.684454897084973 0.85660386385839 1.1885895127555 0.750826125306376 0.956967844437027 0.80697803060069 0.87703608540785 0.946940325293173 0.759360436498963 0.887913856944464 0.760568045203128 0.764186387076951 0.844802054490464 0.761048363144156 0.75215519429597 0.687602615405667 0.690791471148338 0.665884283290795 0.753826726341365 0.981928376518781 0.694021090896884 0.914523377250118 0.801843350422811 0.85980626084372 0.847636941355855 0.710571935837764 1.01978891989745 0.919198788901374 0.963388276461163 0.855079946010046 0.992703639806788 0.879124361016359 0.880763752450602 0.883052365341957 0.997940878694572
"Bruckbraeu_Mittheilungen_1829" 0.845252716743879 0.961708176755198 0.922969721010309 0.747682378166975 0.865128038617796 0.813184268788164 0.809788677075967 0 0.924371577997851 0.800690925691055 0.950745782172314 0.832555870199704 0.898403173699311 1.06176708946665 0.991011903395809 0.889652850753794 1.05472889158645 1.07400094648459 1.02367260275926 0.975206792365556 0.969379526654018 1.04774965564725 0.78658055324017 0.855362754931298 0.923395110825468 0.79966415098683 0.929534808271857 0.985395209210315 0.808273470263568 0.739995199182887 0.797984098548042 0.760793348035597 0.913870401805915 0.928385800745203 0.919261239843144 0.847953553171335 0.743498459408395 1.02297696779825 0.881301632736498 0.838033254337419 0.782176568084057 0.836730520498075 1.30384998902444 1.03146265003316 1.18667745277079 0.849031767577292 0.778211283283816 0.792028177752343 0.884866383690769 0.936467996141119 0.867461871369391 0.985388925990725 0.956375668797518 0.893509389620017 0.868455559382514 0.85616002324177 0.857143110789883 0.825971645939573 1.09960772459596 0.886879174078406 0.837211513281882 0.887375734102577 0.946068523844814 0.863582473636739 0.780550939366951 0.96951502002818 1.115218816243 0.931582148937699 0.887342208540597 0.977700270740295 1.06576587014579 0.874292288083109 0.822749281071118 0.815939611944985 0.804868583383069 0.794102257379596 1.22546102049276 0.931525847782579 0.950706947004812 0.789040124460556 0.795379220556909 0.792203008953399 0.798963779518234 0.940458368621358 0.819725590864163 0.776280026069836 0.81085046392079 0.975249179280558 1.17353544638408 0.784978388142029 0.963696861682185 0.780398637388417 0.854374837784397 0.971759634320765 0.81319443486988 1.00887715916874 0.725104712781347 0.760799307892675 0.766460969861356 0.799406709110344 0.731517369495694 0.67306827310075 0.871475420576482 0.86428156117779 0.781088683848636 0.888860851512286 0.740756326372017 0.842984128922417 0.876024742545602 0.895099481305822 0.824625663751249 0.751377437556289 1.02852384918961 0.844058860798748 0.884426837728856 0.783866087228638 0.875471141038478 0.7795142062045 0.942489306489412 0.90009541634465 1.01281860845515
"Campe_Robinson_1779" 1.02760171729683 1.09675069952653 0.976886469365212 0.866726575540102 0.910492560059438 0.876124661028339 0.888301540080338 0.924371577997851 0 0.97527881532122 0.998252734009235 0.836038992541268 0.973157030703735 1.03655236319078 1.01667827110882 0.899631304941657 0.997512335662922 1.1563989603163 1.03937157836082 0.999029109529339 0.974010725935628 1.04076568392336 0.940287264490446 0.981638655017117 1.00362975527654 0.901690544447017 1.05103463361048 1.05397783327752 0.949896377018885 0.90023162776893 0.918344825055683 0.896027693955981 0.916433545944016 0.987238177983629 1.0186114491828 0.917427133294067 0.913558256744805 1.0617929898061 0.946021084489393 0.955425328263365 0.890417946212046 0.843148531029466 1.22027237237738 1.01207861055636 1.17067022613601 0.982435209532141 0.898595837048281 0.955718297164705 1.03771074245981 1.01408903075883 0.938746071698121 0.968880670782866 0.91919608227164 0.93509681209059 0.976049838167824 0.982571162681914 0.950176089032607 0.867264765052763 1.15758753027254 0.939698516637692 0.860543172753697 0.979707049239909 0.957579604986987 0.906691136331929 0.783085471841834 1.06140270229502 1.16975981031274 0.855948816656526 0.885188889780272 0.915761023422436 1.07758148526384 0.87688889315073 0.923998704171158 0.849493753849052 0.889759086714922 0.834224791258025 1.23442591489476 1.00465646107059 0.999007299785667 0.870738068326404 0.87373072472673 0.890516392076241 0.849071000764589 0.950319305256574 0.868631436529348 0.833258800058996 0.900891054032555 0.835768856003758 1.14144742621882 0.949721324669293 0.989017738757231 0.896512579565538 0.939077038935974 1.02748782338781 0.911166622425279 1.10087391826448 0.893967830273772 0.967068578359824 0.905486241885255 0.906935358497793 0.875194925111015 0.818373687559234 0.91677050288099 0.897317164740582 0.908820313940409 0.999175676250685 0.825576063724314 0.966273927252441 0.921998022762243 0.936864399105782 0.829018351510719 0.80902622954216 0.993401569786988 0.885119887952744 0.977052489657317 0.908676870206846 0.963799792409638 0.914188385481214 1.02968950942346 1.10108050779546 0.94013455901798
"Clauren_Liebe-und-Irrtum_1827" 0.890120150521774 0.951808802404482 0.961733938646529 0.797026797951062 0.90084630711962 0.837477099760801 0.830027828017702 0.800690925691055 0.97527881532122 0 0.986138765108375 0.897887850773612 0.985791923664084 1.07205151366199 0.958749461862719 0.876409546082865 0.982935772421811 1.10138539567437 0.973545411946183 1.0061093362267 0.974373410936827 1.01866871060609 0.975378045963705 0.832006812848036 0.907151735352498 0.79686001569521 0.90449585018645 0.933567542556034 0.878539955473769 0.823952619160906 0.859039931924439 0.862102215667351 0.909613242589099 1.04135553642744 0.873926951970091 0.851260449122212 0.80216005232356 1.06772750234495 0.968052545712374 0.960981799632926 0.931270275800539 0.921298977943675 1.24532027808657 1.01214972651994 1.12423368932488 0.877719062912449 0.814302263817291 0.862804134311436 0.918059364771316 1.01211136375453 0.899909720007585 1.00792923914673 0.957378366997824 0.967698074798977 0.9919316992341 0.929449371618431 1.02590657009854 0.898503875760929 1.21926725387425 0.960802708966241 0.87003244448761 0.9575792280362 1.02393442276315 0.896642935318785 0.872134036424275 0.963592690065268 1.1316750437528 0.885240865560503 0.965730170622208 1.00373681628546 1.09167508796816 0.943365659333485 0.908962168568557 0.843319384115533 0.878070035522947 0.910038375693825 1.24166994445329 0.941996796080406 1.01856457744622 0.858072350292215 0.873096168849803 0.892767987289514 0.881207630049544 1.02602132509285 0.894322616885021 0.852662041059346 0.852538868426607 0.972281940884396 1.16927642910053 0.854702667784822 0.994920668951489 0.907153510061577 0.939027747603909 0.976957267160199 0.835283992164145 1.03874722662878 0.777654632703612 0.824185878053337 0.910410045533938 0.839832808025423 0.805388256788768 0.78563922199807 0.870404314251369 0.865513878278516 0.807456843451196 1.00927640134779 0.740476592800508 0.962744103359289 0.886218087299098 0.905494168119906 0.926401761003311 0.80521847661515 1.07174410902985 0.999174298339112 1.04199708697788 0.964620515977776 1.07143834265701 0.962886132971377 0.977845532247649 0.934467960609319 1.06292177630837
"Diderot_Die-Nonne_1796" 1.03419641258057 1.07227864058811 0.975214453181937 0.938434096590094 0.982831455042719 0.942972589236371 0.915527993594609 0.950745782172314 0.998252734009235 0.986138765108375 0 0.816838334344173 1.06039446723681 1.11989482719412 1.09654744502106 1.00195514308362 1.01209575781238 1.10441037501178 1.0171300277641 1.039544029982 0.976249423357652 1.06569984886071 1.06388263390623 0.964241946409101 0.982488640788893 0.876974622512077 1.02739711544138 1.01858018350006 0.985536617188019 0.931141522189803 0.972382102999845 0.975504454865175 0.96943490876323 1.08858989707351 1.01117005218938 0.99722913472495 0.917854202887084 1.12835881060206 1.06885056793623 1.04742006469434 0.997894957660067 0.98033919304585 1.29371512461185 1.11601058441922 1.21790584880675 0.976179761807299 0.943303708442836 0.915818806676884 1.02747854475834 1.01874259441181 0.98932392972107 1.08484357451491 1.02733853113537 1.0057566837043 1.03761550855828 1.0039275819159 1.08827336456583 1.0104848727386 1.24827793618247 1.07056064450014 0.943834517087733 1.00861027885724 1.03324350431418 0.952760005902394 0.817149968936953 1.11933313403376 1.23946497220127 0.971619363037483 1.01236496264519 1.06960411086334 1.16222501330417 1.03974158381256 0.962571158664348 0.916077356972182 0.938084295771479 0.971368728153478 1.33564085056787 1.1081824221249 1.10159909527563 0.988140751007079 0.978040441501403 0.994450588166822 0.986141413533301 1.0984063794144 0.993412834388307 0.956123455581174 1.00227484932808 0.975620743631976 1.20128796606637 0.966332718419257 0.911327151839883 0.821665343358776 0.986220630938711 0.99367186751489 0.924303562445231 1.1605496940836 0.944341651188232 0.971944316873266 0.935596591069929 0.932620781563672 0.841237033411713 0.899615990225744 0.998603027245354 0.964466241703777 0.94801726694507 1.05868012825044 0.871909448577122 1.09031903091247 0.951419477055116 0.965486335774433 0.998107148950655 0.875671313118706 1.08719071023704 1.0275063257384 1.09787840807675 1.04657756230735 1.11027642517629 1.01246439796257 0.999153826266062 1.08174215131279 1.07999396844169
"Diderot_Jakob_1796" 1.02118249237068 1.04721941120223 0.899296798104697 0.786348588332101 0.868128123568224 0.816941331442966 0.799560383621454 0.832555870199704 0.836038992541268 0.897887850773612 0.816838334344173 0 0.890323341754788 0.967857290802611 1.00998758177969 0.81583170996578 0.899770038149981 1.10977284575081 0.97803453986948 0.882545782961624 0.886236786903084 0.993454758074489 0.932030806582177 0.926206471992902 0.977660143207023 0.766925036005479 1.01653174890078 1.00015549878663 0.921201183828102 0.790815167894773 0.844913481515941 0.842473951987965 0.826606225605079 0.999002931512503 0.912769836370935 0.82257779465582 0.753378042134218 1.03311723716589 0.909089087599413 0.923197231834531 0.796207966829068 0.7355972934501 1.30048538007316 1.01557708520941 1.18542893476655 0.923793511510387 0.822079361852112 0.888704613954074 1.02413998028477 0.96292831468237 0.95312403816873 0.9084748746784 0.911552602077765 0.900928242181643 0.890522779104057 0.901068765506701 0.895358371401135 0.834490112144382 1.14752322257656 0.982435489616779 0.814424030574973 0.889718404182791 0.911867750998217 0.809015320088359 0.677621333203271 1.0583484420475 1.24575735846201 0.811370124434974 0.941524335389551 0.963334982960933 1.11997729493847 0.795538862404979 0.850486558502238 0.805621307555403 0.842011784478865 0.772888833994387 1.3111145251395 1.03389149774212 0.957610750860749 0.82130108976952 0.829277728969729 0.83797792012351 0.804419926933723 0.952271542267722 0.842478413141499 0.787177796203585 0.880225922242457 0.783551421195678 1.18592405336389 0.876769361217561 0.86766133606845 0.711528493546777 0.855202869960791 0.949622272211818 0.837166247990922 1.06439124255363 0.864571797468044 0.935132784398441 0.774101562708549 0.773141607417012 0.704165186882998 0.707310658302648 0.878403946368752 0.821946339629229 0.852450659359138 0.97855752197201 0.733952500513543 1.01354326098981 0.768970278845997 0.849427904761303 0.838579808692828 0.678634067781494 0.958858409097174 0.812503750196042 0.950972674517015 0.827754593403615 0.945517690361808 0.866621369586767 0.947682383936376 1.05153573825908 0.932586182156617
"Ehrmann_Amalie_1787" 1.0099966571564 1.02295969663992 1.01614699518057 0.916121659308818 1.02535468535969 0.988632716919185 0.862931229474274 0.898403173699311 0.973157030703735 0.985791923664084 1.06039446723681 0.890323341754788 0 0.710253772503381 1.17369296550016 0.920043389413576 1.09974034494611 1.14456751015667 1.07423432772417 0.950666452815583 1.00243382716788 1.12456601520601 0.91130929850639 1.03108947487335 1.0803290448437 0.891653884655228 1.06939957463617 1.0891584227974 0.943049275416994 0.870534700031449 0.956747675129332 0.936230335554269 0.933698819867847 1.01648843361569 1.03203871651934 1.02034044964072 0.928270576819998 1.16464689030365 0.942477823744174 0.974691558596133 0.879369876747041 0.877763912378041 1.32544260818332 1.03436511026234 1.18176825002788 1.03732997490604 0.944795268051911 0.953471135337208 1.031839034423 0.997074028581432 0.940390137534246 0.938336767394388 0.996715321350537 0.983292795074874 0.927735021280318 0.919321376227357 0.964055098195807 0.941906371596408 1.08843308350733 0.973627754417483 0.862148610675104 0.8741022359855 0.899791183436877 0.78359531839126 0.94101247881428 0.97029494882531 1.13905572165213 0.930511718430754 1.00535635186617 1.05118200869747 1.19983980283123 0.962424574190098 0.893531528493704 0.878623511706134 0.942572098521384 0.895106677110044 1.28505748063421 1.10863654477777 1.05001791433289 0.937824829332295 0.887815926190086 0.895504008598396 0.865597227322283 1.02352583770233 0.921558616561767 0.88377905073443 0.955319896023412 0.936110950805979 1.26249837920514 0.836189352400358 1.09665541833159 0.857924767792265 1.00037251764479 1.07085213576914 0.94784288025763 1.03155007884303 0.916645892783282 0.97261384931044 0.943765023945056 0.926238812800594 0.91842056400739 0.780690731947358 0.992502470756653 0.838100037790861 0.90800506978823 1.00185112424426 0.798248210777937 1.03860706548873 0.998846357827729 1.03239918150192 0.879701029696288 0.823941856737836 1.08555177354945 0.93574408837495 0.942556968710909 0.849828915036849 0.956453020105291 0.92482495920438 0.919013262738942 1.03070850462224 1.07078089157259
"Ehrmann_Nina_1788" 1.1217992584633 1.08593222298558 1.10028120485879 1.0308739498539 1.09067676919037 1.06861369984906 0.967428470841281 1.06176708946665 1.03655236319078 1.07205151366199 1.11989482719412 0.967857290802611 0.710253772503381 0 1.24456683963525 0.985456192684633 1.08189775845556 1.16358080169021 1.09394976444453 0.958774751924043 0.993169016328663 1.1655795608693 1.11738703352272 1.10655947209244 1.15846870834953 0.978799809533132 1.13942394008397 1.13044895142485 1.08672394522951 1.05821034388964 1.09674139982228 1.0996543025275 0.962947650345845 1.17073384934515 1.09722145010004 1.09385465144362 1.04527293067157 1.23348530767505 1.08447207584252 1.11469402566496 1.02644573707754 0.969139770010403 1.29108124769279 1.03297565291521 1.17743379579254 1.12404968625095 1.03812833803808 1.08556172350078 1.17381496072486 1.11447109953272 1.03321209165884 0.990588584969008 1.03086140023523 1.0733063763601 1.0444906806495 1.03391030830221 1.15797079956098 1.09187479208515 1.24606298831554 1.08656891186871 0.979428356754238 1.02489239227074 0.972539319160974 0.888084723665027 1.05371944160705 1.03821073706644 1.20940443342404 0.945820716416031 1.14657870341507 1.11182787877633 1.24055939736598 1.05668989022509 0.996060150781118 1.0076133722063 1.05545697491008 1.07053114088218 1.35162617711188 1.21290276861738 1.1026314419792 1.01727661599592 0.974072371474228 1.01493813385091 0.97649171089241 1.09943987242992 0.990022134382815 0.97623386020826 1.03163829735382 0.942481502634767 1.3257862005972 0.964381459822245 1.09762076822191 0.983202242378032 1.12770904091962 1.12853529378638 1.05507976196604 1.10147745873129 1.03851897788363 1.07744185557589 1.06703650014916 1.00274582334916 1.01212656780293 0.913314761389306 1.07676552470138 0.927991264547894 1.00482210253024 1.15192676373136 0.925030429264006 1.17943560094854 1.04784582132124 1.07793275623767 1.0223505649918 0.935573448770256 1.17213817096379 1.10027424466418 1.13673672235276 1.04006613642195 1.16812457085264 1.08304774800821 1.01440059528346 1.14870690134218 1.1623641916704
"Eichendorff_Ahnung-und-Gegenwart_1815" 1.03582081905504 1.1190144451774 1.02627907389245 0.841196328809382 0.936135567740404 0.878338576072309 0.849171557771803 0.991011903395809 1.01667827110882 0.958749461862719 1.09654744502106 1.00998758177969 1.17369296550016 1.24456683963525 0 1.09887207058279 1.04521120545648 1.2728753992756 1.11487145028314 1.17257286996504 1.10791742030482 1.18744638420386 1.07275462220144 0.877005130222217 0.927239271352617 0.923046876666944 0.905609912436956 0.984733786253363 0.998133229401625 0.955023324464606 1.000278674713 0.961430364712734 0.983215545728971 1.14974569101243 1.00081420639229 0.89002310969972 0.916422381203028 1.00567991346389 1.01351190999072 1.02314720648444 1.10030487415418 1.05662348417156 1.26213497405342 1.02467507577479 1.20731026763703 0.893990138719964 0.898850629315125 1.04120874379 1.03898362868453 1.19052392326564 0.991731920166945 1.1078634507794 1.04554098547337 0.957033206290647 1.07141549493219 1.09649611083675 1.19028386153115 1.0462269298789 1.39374690497787 1.07897154728864 1.01145858888186 1.14958942322794 1.19386323038262 1.11727133184551 0.935891324201949 1.07977414165102 1.27293742928227 0.957380677276734 0.999686794286037 1.04857435133207 1.07896156270074 1.09721083724643 1.11448237521295 1.04921326346774 1.05558693792084 1.05433088449429 1.26649855551552 0.92706364173738 1.08356956700331 0.850830181441966 0.918733868435782 0.948077390305326 0.924767992020434 0.995515444482187 0.934150274916552 0.882767015940596 0.827290480868896 1.05675865543517 1.25314043104319 1.04895122340153 1.08417237672085 1.07599569461635 1.04545011621847 1.08243210341307 0.926371039960323 1.10911225389541 0.921860306430096 0.938105361588999 1.02948037788055 0.956181937528987 0.926823395531388 0.92452021222878 0.860212287044829 0.950695647442002 0.952072787881566 1.18721029457882 0.938354349905099 1.04276422367851 0.94794370142783 1.00395675676286 1.00868964395221 0.903799024693661 1.08572262443253 1.12276808122632 1.2013056087166 1.1580631130677 1.230170571993 1.08998583931834 1.19613035304559 1.10225680409462 1.11308071486145
"Engel_Lorenz-Stark_1801" 0.977464765848764 1.0148154006003 1.02671537880331 0.837815329368856 0.910560281974139 0.882009502169491 0.880657956886476 0.889652850753794 0.899631304941657 0.876409546082865 1.00195514308362 0.81583170996578 0.920043389413576 0.985456192684633 1.09887207058279 0 0.98703758604633 1.0974557330328 0.9956973750303 0.9275917688352 0.907523689731414 1.0254265589553 0.960938532032142 0.941247981393881 1.00092996444902 0.825843045065098 1.018536348758 1.01617991098485 0.947989691592721 0.82453873437809 0.890951871170689 0.884628697730145 0.884095344777866 1.01621168162406 0.970482409016319 0.920422925918357 0.863141486585021 1.13380102100199 0.973123264773577 0.970886854860434 0.865029652220182 0.823749417899844 1.28118978077979 1.02346979471368 1.13199595562084 0.991138661697472 0.896580821875026 0.884272381953605 1.03556621594557 0.94594924307845 0.941892462808109 0.926789178381695 0.88738420747077 0.978017491376964 0.982769359210482 0.901074247160115 0.966025300514181 0.88297322854499 1.13269689066338 0.976473327337896 0.836964761917842 0.903376452326929 0.910890773047534 0.831662376923026 0.840896997492886 1.04073043337512 1.1772468235606 0.830754213408398 0.951582681639759 0.978287007476462 1.11870471741116 0.861269059144561 0.897659487998522 0.815482050212852 0.879881838205156 0.828461090960126 1.29516909168437 1.03371401961789 0.999629724126941 0.872188536756606 0.871109446760037 0.881505567192367 0.867384306537165 1.02249440310384 0.895985844425116 0.838352658424414 0.912237286383732 0.853840516666499 1.19965187391616 0.897553219515005 1.01016611081581 0.901700630854564 0.911775185895376 1.02937755098012 0.867721044995479 1.04302273835307 0.847799091533965 0.918542807129909 0.917945316061657 0.863526908876813 0.820615598006252 0.76834955475264 0.926733773313699 0.854341970003302 0.846967103876853 0.984808177781928 0.733262883219314 1.04208299890637 0.947269636820368 0.940245692562014 0.89972012164254 0.760091960902185 1.04073811439279 0.87836760733881 0.945756311762109 0.863650550599975 0.9628743928919 0.913304759456735 0.969494817900866 1.03049454532782 1.00956057299793
"Fischer_Christian_Hannchen_1800" 1.13528297936195 1.11464630927252 0.990807991242421 0.963302256285037 0.96614481406356 0.967487629745713 0.947156051823829 1.05472889158645 0.997512335662922 0.982935772421811 1.01209575781238 0.899770038149981 1.09974034494611 1.08189775845556 1.04521120545648 0.98703758604633 0 1.19415306636829 0.976182610897242 1.02946722256642 0.984678365207594 1.03204818873348 1.16722428898175 1.01024453297312 1.04952323421762 0.938125793826002 1.06314987135403 1.03524218519744 1.06259005034499 0.997385796496868 1.06020300021055 1.0695786935828 0.956746192946131 1.18293456545069 0.997961853764238 0.977707446164187 0.942853864357114 1.09819581658123 1.10997024736756 1.08581678752201 1.0770548076748 0.973700147812737 1.26429835449444 1.05879245842723 1.19989268110438 1.03131071372549 0.970361994415899 1.05916228376077 1.14877267054535 1.12232012380587 1.04207507062807 1.05662535027715 0.992958850813698 1.03540791546392 1.06459658056646 1.0829238352406 1.20632274491616 1.00340695447397 1.35289162577808 1.09053708903111 0.954300445147424 1.07747400471388 1.08762355070749 0.989594808055877 0.966967473903907 1.16250047611834 1.26752040125744 0.848373962798252 1.08153370838134 1.07279444490544 1.15348163839152 1.01146954934116 1.06493193126456 1.00104623954466 1.04070582214768 1.04080591927904 1.33943986994725 1.10599994915412 1.07495167966998 0.952438555259319 0.975322632575184 1.0053943273382 0.964845729108661 1.0707309104888 0.978848202516655 0.939793868232063 0.98733368740752 0.914965727537394 1.18501063870921 1.08041766106138 0.956541649461709 1.00157137327543 1.04300558725018 0.958869152657893 1.00366649915371 1.16445451300329 1.02293260158472 1.06524902553474 1.04549620298284 0.961279268849997 0.925560782996737 0.922263507681866 1.00996064205842 0.996502989318851 0.956281367999245 1.19689532754128 0.872701179720754 1.15291201357217 0.921610201782153 0.927550887867137 1.01581458539168 0.857508134457236 1.04030347194174 1.09410697286364 1.19348704781574 1.1381380845222 1.23592069330239 1.12303874756045 1.08279250178573 1.15302372906931 1.08656423743587
