"Alexis" "Andolt" "Arnim" "Auerbach" "Berthold" "Brentano" "Chamisso" "Dincklage" "Droste" "Eichendorff" "Ense" "Frey" "Gall" "Gerstaecker" "Gluemer" "Goethe" "Goldammer_Hochzeitsnacht" "Goldammer_Wiedersehen" "Gotthelf_Kurt" "Gotthelf_Notar" "Grillparzer" "Grimm" "Grosse" "Hacklaender" "Halm" "Hartmann" "Hauff" "Heyden" "Heyse" "Hoefer" "Hoffmann" "Holtei" "Horner" "Immermann" "Kaehler" "Keller" "Kinkel_Margret" "Kinkel_Orthodoxie" "Kleist" "Kompert" "Kopisch_Karnevalsfest" "Kopisch_Traeumer" "Kruse" "Kuernberger" "Kugler" "Kurz" "Lewald" "Lohmann" "Lorm" "Ludwig" "Meiﬂner" "Meyr" "Moerike" "Muegge" "Mueller" "Pichler" "Raabe" "Reich" "Riehl" "Roquette" "Rumohr" "Sacher-Masoch" "Schefer" "Scheffel" "Schmid" "Schreyvogel" "Schuecking" "Spindler" "Sternberg" "Stifter" "Storm" "Tesche" "Tieck_Gemaelde" "Tieck_Lebens" "Traun" "v.W." "Waldmueller" "Wallner" "Wichert" "Widmann" "Wilbrandt" "Wild" "Wildermuth" "Wolf" "Ziegler" "Zschokke"
"Alexis" 0 0.870883999382827 0.981048370382227 0.836312680927754 0.864100052417017 1.06921445903375 0.953558870928709 0.922827841943455 0.8735243583145 1.08418097850057 0.991992146933077 0.8467875593667 0.927947012701872 1.14809806968356 0.958484786916286 1.11429338896622 1.22593867409511 1.06254806492248 0.822948757401985 1.08967162665796 1.00846872799053 0.982703473023053 0.941048589015582 0.924187808397171 0.928633354533577 1.06303104897224 0.885852007583047 0.889230194949083 0.775938181766758 0.984475142811653 0.931212415011567 0.942847133308441 0.815798560316739 0.804140463708098 1.02229594195107 0.855230148642027 1.00258378307267 0.87305053249785 1.11189176270224 0.849469147496551 0.951702326449911 0.979921139439074 0.877221325756907 0.800761885710254 0.892133287190755 0.848487797434587 0.927352627995215 0.902917317328104 0.881459438460955 1.03190872789038 0.772299853121199 0.882721628185422 0.835222470770743 0.784787216510109 0.846507906872543 0.862009461226426 0.956130856702334 1.00306848937836 1.1812186860318 0.852306252158242 0.852975780375989 1.04307640328467 0.835598365869105 1.22915559766941 0.828101916818298 0.972714381963063 0.824469564136424 0.91310614234108 0.88369668167152 0.982154494178935 1.05818019245585 0.85903905740321 0.818119568142087 0.917831524988324 1.04695840585544 0.995913798473896 0.802115931179356 1.25486574531626 0.905534401894291 0.913007652539469 1.03269770912784 0.921822637791084 1.06240692601051 1.37683362072405 0.822110354415242 0.785580545835979
"Andolt" 0.870883999382827 0 1.04048336955658 1.00892507540589 1.0342813719058 1.15917347664456 0.975759323802734 1.04563184767405 0.980017203863967 1.15476184675319 0.943522336956106 0.913857670648561 0.999748325137274 1.2554696159626 1.124145426546 1.02339724817622 1.3389443995737 1.1582910708743 1.02291417899923 1.24832609799648 1.00314974914881 1.06298207641829 0.97113208349082 1.01676169612403 0.972982039651084 0.961441981170741 1.03757955568729 0.941625971710129 0.969074091390403 1.11193572783356 0.963509345799183 1.05172395870524 0.95184785684878 0.752867087523222 0.951278805029211 0.954342734504487 1.04832982009823 0.927431508578918 1.09781524021797 1.08905258724712 1.05137202120428 1.05154477198481 0.936130931812788 0.921574975901168 0.939150287525341 0.885726856612307 0.935391936322015 0.948611554578839 0.917432877509772 1.20758097387818 0.922839440124665 1.01153208966002 0.85725408389745 0.924816849092289 0.825525355576266 0.969108784155516 0.953530419801446 1.14917631163843 1.26880438480845 0.832627723062344 0.978009709203026 1.12571134791654 1.01367574783114 1.3873011390652 0.985260617562122 0.889571494353387 0.826844316892519 1.03542588983371 0.891067795216887 1.03857563593133 1.01461386094564 0.912442448284998 0.892906321041001 0.948717138715115 1.10429027165635 0.955167416696991 0.917462475549178 1.21202303021279 1.05449853982613 1.15925289526073 1.13352716534682 0.963080028996115 1.19146693543629 1.39732289349007 0.972528683996035 0.903538849225947
"Arnim" 0.981048370382227 1.04048336955658 0 0.937732276932524 1.04560823698003 1.08742609008856 1.06831629745772 1.10003504862439 1.05757919024789 1.13198736472632 1.05916532463179 1.01885568395694 1.04663160467879 1.33644058094958 1.08795526522621 1.17476448315092 1.3247565253781 1.18191882263633 1.01492436542936 1.2580367645266 1.11148526339316 1.13939999683935 1.1065719703613 1.10712739221621 0.953086764198353 1.14053216318328 1.07620348179581 1.06729767637898 0.95664567150133 1.17738651126 1.06232264821139 1.09657700649738 1.0036761149953 0.925852895599661 1.12375779648355 1.0674461165251 1.01081385331712 1.01860248758343 1.0917019609611 1.06363871959569 1.08548648574251 1.08458937938624 1.04027078241449 1.02625903844847 1.00405561607017 0.978214254945305 0.999578927979134 1.07383157786596 1.06521904688938 1.20022075317793 0.975993751566105 1.05352181639869 1.03150427147929 1.0164124143138 0.973524291842782 1.05748236143348 1.0807691159396 1.14844528952396 1.14789540618429 1.00626251521406 1.07277821214323 1.26214163099589 0.974232765843978 1.40910569176192 1.02854108198831 1.08255234030259 0.943970078434175 1.03548222315283 1.05638095277992 1.06437218009718 1.14520628059545 1.01582321213289 1.05565798825083 1.07409544729245 1.22631918772412 1.25074184312755 0.948934097737654 1.32184437488333 0.998159583563689 1.13655438813608 1.21351173917039 1.07247530607509 1.15523920431458 1.49573361438999 0.990488779938186 0.961004663612912
"Auerbach" 0.836312680927754 1.00892507540589 0.937732276932524 0 0.838644428618761 1.03583237965621 0.985683576301096 1.02180794995579 0.830631988292051 1.01194098253546 1.04331809589063 0.910848319206251 0.975390084022322 1.11805666339248 0.903154338401823 1.14200152798143 1.20661045033323 1.12113209359166 0.853689076982902 1.10546274909449 0.975415062461745 0.924374676396712 0.969028983572888 1.02681459648437 0.943005414833071 1.10563809411934 0.991365721676251 1.05349500703754 0.721092999117683 0.928185441988674 0.927168770269769 1.0154928466938 0.860335676814266 0.843200610585207 1.12886648738048 0.838067060985013 0.952809013942889 0.954245428551493 1.19951930836225 0.844303717027688 0.990970164059553 0.939226099909702 0.963017424607552 0.813696594952649 0.975537674439696 0.922827079320325 0.852015023971992 0.982384211150024 0.994406409863308 1.06180415042234 0.809600618350664 0.811340484551149 0.885019509085986 0.886137082057776 0.966970444090294 0.872559765036537 1.01629115908304 0.928135508909138 1.1640439654362 0.840785093842931 1.02259998081424 1.14105034528188 0.827719316336065 1.32015280344152 0.836570814592051 1.03708093473424 0.895896606657922 0.905768311727393 1.02590376907405 0.949440604121676 1.04009372642556 0.93470034025322 0.956814938748415 0.984688040548806 1.10125963469171 1.12054873152346 0.878812315673733 1.36503132251231 0.8085944368264 0.91565635296141 0.992836989383999 0.880061128429651 0.958115632034494 1.36047187661583 0.893329293077858 0.821027165940753
"Berthold" 0.864100052417017 1.0342813719058 1.04560823698003 0.838644428618761 0 1.01045128626508 0.91532535174754 0.978253865785923 0.798752478500601 0.951660678295697 1.13797519136236 0.988142808150006 0.97266163507234 1.06467852764085 0.971098731569827 1.12166838878534 1.18360546424397 1.13911843301117 0.961135076690057 1.1374447317586 0.912418986465595 0.829986430928015 0.948793223594385 0.97506297079104 1.01052585845278 1.08783822586074 0.916651754247899 1.12515919028285 0.742065087058431 0.947914845110511 1.00311505865686 1.05898029430156 0.849013939854956 0.841417131489939 1.0835556014078 0.83883872615569 0.970871543519315 0.975656470405841 1.18970599197152 0.925643870581957 0.959721777370533 0.909251872196424 1.01985445588759 0.839615459995757 1.03339219732256 1.04325430618064 0.979013133558323 0.949756827323948 1.08393858686154 1.06753040227299 0.808436540263488 0.912923234232616 0.873415901413819 0.858935868551188 1.05030543170739 0.904182493522045 1.02862037929702 0.876530155468276 1.23866964725586 0.828671490237732 1.01812859110783 1.09379643154933 0.863544926207914 1.34920184430373 0.893549152947811 0.907812706421209 0.925771520646678 0.97309173352432 0.999712046562487 1.01100259088258 1.00282892881452 0.99079818817936 1.04534397192891 1.02173809183819 1.06811280252675 1.22221458542043 0.989318980942461 1.39709017008701 0.838365648410189 0.883581127025313 0.860486543464853 0.896822667576941 1.00073476515621 1.32671173895438 0.919227030161525 0.870002067024074
"Brentano" 1.06921445903375 1.15917347664456 1.08742609008856 1.03583237965621 1.01045128626508 0 1.13928170504761 1.11572222695735 1.09327121185303 1.22614268515933 1.23352933073445 1.16681943726329 1.12914894467236 1.3285942531814 1.14337578719273 1.27381605549846 1.41659123114891 1.33636922216475 1.16020735135548 1.29413541948311 1.13858621073835 1.18633546339573 1.14643660626907 1.17752298642503 1.16281095130764 1.25550119068195 1.04087777344239 1.23358445638277 1.01240843729464 1.12042294542236 1.09032509006955 1.1831832657462 1.06897390625909 1.0099815806596 1.16291304472646 1.15206865098993 1.17275496577567 1.1631494446712 1.27278190730903 1.02316804601387 1.19070544269843 1.05136099249925 1.1804791535569 1.04637962008227 1.21976943274923 1.18782027046834 1.1151336662839 1.04420731877438 1.19931404891893 1.34477503758049 0.99553115097906 1.09890151042299 1.09370313579811 1.07025789804485 1.09827545280048 1.12160455042955 1.14434451757852 1.1257382405812 1.34135746376839 1.03010125708125 1.20648654843965 1.20754340972409 1.04058971220461 1.52068389291525 1.100231395797 1.08979713692616 1.09252564249114 1.08820695514464 1.12825770378419 1.16940307009071 1.21738564733512 1.08100743274805 1.09985697021895 1.12484222435487 1.16354227321297 1.24872729822618 1.1595429732657 1.43959512558512 1.08552914034265 1.13759831201346 1.20799796936297 1.16466832073971 1.22981223080308 1.49163842536391 1.08317929425229 1.05334771221715
"Chamisso" 0.953558870928709 0.975759323802734 1.06831629745772 0.985683576301096 0.91532535174754 1.13928170504761 0 1.12125006354807 0.987075582993554 1.11650395282025 0.971020392542112 1.04210476530049 1.08329316287773 1.22850287251766 1.14705014635651 1.08475297347076 1.27914867808325 1.22774506185584 1.02806617060898 1.25526936270157 0.995076301787079 1.03010497430942 1.07487657200089 1.06435868885529 1.01424438905861 1.11243810270847 1.00481149938878 1.09718195960979 0.878232635389403 1.08908070596437 1.00529094379858 1.11808529596261 0.999223008390283 0.857492592149294 0.980753333877084 1.01407020714189 0.987830810543067 0.974823946075939 1.1824870553326 1.10374018254286 1.07157704353958 1.06087303687937 1.00076923722878 1.00557057174755 1.03840772877728 1.01935117178969 0.950617384231774 1.01862639167299 1.06874059491001 1.13896309520356 1.0002765863231 1.02806867404688 0.908604430292962 0.974428361254304 0.948433790613644 1.01165002178097 1.00929021717779 1.08611109675837 1.33822721988 0.880998378066041 1.0214080893028 1.17118209978098 0.929781318329859 1.34878238573105 1.02295063807708 0.937582654510677 0.910441149820767 1.01015824433302 0.987683282421177 1.03945971934927 1.04690820156757 1.02297054785289 1.04540508070502 1.08903262309093 1.14745509571202 1.1019371109502 1.00657874361316 1.23210837800285 1.00865237325998 1.09566000797517 1.08279540749766 0.946124869178665 1.19186359370234 1.43422279209297 1.07707541701923 0.964711991669122
"Dincklage" 0.922827841943455 1.04563184767405 1.10003504862439 1.02180794995579 0.978253865785923 1.11572222695735 1.12125006354807 0 0.950472320858213 1.15392128527286 1.11604268197812 1.02991850502501 1.07188078982758 1.18649485282325 1.04303154791782 1.21921045724397 1.28654773356488 1.19573587530842 1.0242870111556 1.21831472827162 1.05146120932209 1.09796672246258 1.0200997502584 1.02845272194645 1.0424150776613 1.12165372689126 0.968733937315074 1.03452490819409 0.879408789683822 1.07402424744276 1.0662239958587 1.010936829969 0.903857502409555 0.950948426941458 1.08015618390905 0.928320183773301 1.01114787559858 0.968467397118554 1.16946970164864 0.958941351386788 1.06355218080793 0.989010956207722 1.08808895735715 0.943647261538432 1.08899345449343 1.06791905298343 1.02080450727813 0.957421798934775 1.03405992400919 1.1436093370693 0.956795921664341 0.988913482093932 0.961513109918762 0.91245688249767 1.02118002498185 1.00682412741727 0.98706360344839 1.0448353613085 1.22577725659255 0.95859893468552 1.05377434698444 1.15795115246275 0.962197502613462 1.35179966217965 0.939393277679479 1.07624051371756 0.922824712910369 0.987601260694205 0.967346521793983 1.02344156460575 1.10292646370487 0.936393333676974 1.00141324363313 1.03434626284648 1.11356589594508 1.162411772767 1.00067385531958 1.30252264485591 1.02270028595432 1.01949658794183 1.12186772796604 1.03836415148446 1.1447430242263 1.37064924892257 0.951433133670142 0.944854616829344
"Droste" 0.8735243583145 0.980017203863967 1.05757919024789 0.830631988292051 0.798752478500601 1.09327121185303 0.987075582993554 0.950472320858213 0 0.976213700359531 1.06182652853437 0.909909365282645 0.998587812667155 1.08856863972637 0.976584143965953 1.11451993119825 1.19133386118819 1.06803839966138 0.905386822638484 1.18274353958119 0.915842141625904 0.929575402288584 1.0259361711823 0.904792650487007 0.952331024701177 1.05282941217539 0.936640933090775 1.01453059506576 0.772282832417227 0.938028723454866 0.96845357045486 1.01844597431772 0.928437370817919 0.866207143981091 1.10299674291167 0.822081798957042 0.901564145535405 0.916358069053709 1.14286218544382 0.955871770758273 0.994858116098397 0.970171250412438 0.984772694094242 0.843178187449928 0.939538381760293 0.939680654174719 0.973234635679565 1.00531050423543 1.0397130887726 1.02039787366678 0.808909902534165 0.927308336798978 0.812537391192666 0.846516563574539 0.982998476215868 0.838593772096282 0.946858240742135 0.939003642507776 1.18819824150629 0.822189286158387 0.973461527375883 1.08326236681587 0.929401561187209 1.26122562011473 0.903238099133126 0.970045018224798 0.849460601171625 0.946999117238046 0.966618724702136 0.933775309998316 0.954454470190195 0.984483382573658 1.01770889266529 1.06907806644899 1.04303057163464 1.12714111112899 0.902538449952874 1.26834961548074 0.924252612168739 0.88787564595403 0.989989245421157 0.896112732885662 1.01684933136028 1.31980201038934 0.939016285309664 0.867483041770727
"Eichendorff" 1.08418097850057 1.15476184675319 1.13198736472632 1.01194098253546 0.951660678295697 1.22614268515933 1.11650395282025 1.15392128527286 0.976213700359531 0 1.25119873244601 1.09546008119049 1.21212205485908 1.12941795102124 1.24052127985324 1.23409570085315 1.30479560285695 1.12005385269865 1.12964541450348 1.4572110897239 1.09107770227772 1.13435492510775 1.19852548458731 0.975003302325664 1.07068038991828 1.18521753981448 1.01632482204141 1.23217514294447 0.961519264945738 1.19481569446204 1.04618665728289 1.20051742759765 1.12368369219849 1.07796413245605 1.28972921568435 1.0482081368198 0.979308251405374 1.09634052461228 1.20261330005187 1.2088860108861 1.06714497694068 1.12242016999414 1.17417311059021 0.960513497869577 1.07214874856643 1.11294439921194 1.2005037773914 1.2616177084929 1.20348861746715 1.09375487086198 0.998795886140726 1.18765972900256 0.915344548068187 1.08740448245624 1.09583277980084 0.967098643373301 0.984203763755627 1.04282092470787 1.280514771533 1.05392461954548 1.17202274352297 1.16093099241624 1.09367214209654 1.22462235753381 1.13286614219143 1.15407104884152 1.10179016553179 1.18319992672126 1.09386615299124 1.13704408218679 1.06787658699278 1.12496549011061 1.21334161408524 1.17827744363828 1.09853111595595 1.34749541258178 1.06049474660373 1.37503314121164 1.08066775187096 0.938950958209307 1.08086521022577 1.2048731888695 1.19090735860687 1.50449326512796 1.14786099335046 1.11349500212338
"Ense" 0.991992146933077 0.943522336956106 1.05916532463179 1.04331809589063 1.13797519136236 1.23352933073445 0.971020392542112 1.11604268197812 1.06182652853437 1.25119873244601 0 1.09128550502824 1.09259409259226 1.36740668344174 1.12050911366452 0.946061670989065 1.42900170305783 1.37548989134687 1.00691201732632 1.1910991005088 1.09983930119822 1.14734328202918 1.07101249412769 1.16561863718133 1.06212849390551 1.0329623009375 1.07822357049416 1.05945987046802 1.00416660034791 1.18506694810548 1.05938673291394 1.04995476140271 0.995326881724386 0.896386053861866 0.897376357567328 1.04218153542096 1.11085797020214 0.863737182291656 1.24533424969124 1.17825580356009 1.09911889107084 1.13131444640647 1.00466712498479 1.12396430792023 1.00958911092554 0.944725363797303 0.862113955315975 0.980792473356546 0.943913294193941 1.17800845508259 1.10014633244971 1.05991647135809 0.94221933836038 1.03889726940164 0.971839494848946 1.13178976802212 1.15233305081396 1.26215406618832 1.29707755567687 0.892723089654967 1.01683164608858 1.22665339193443 1.01783869401042 1.50911377240676 1.04379739539384 0.944177741446795 0.973196222651144 1.11399803235794 0.968611867275775 0.998063904644687 1.15163496151756 1.05439445159548 0.947372350667389 1.00180239653933 1.34534675069581 1.03040527417808 0.994380477082488 1.23120389453997 1.13808991943399 1.21550379777143 1.27729595758371 1.00951272967044 1.18786858465669 1.35684990672 1.06684856218215 0.973786543967161
"Frey" 0.8467875593667 0.913857670648561 1.01885568395694 0.910848319206251 0.988142808150006 1.16681943726329 1.04210476530049 1.02991850502501 0.909909365282645 1.09546008119049 1.09128550502824 0 0.982889582872266 1.10837938455579 1.03841563945727 1.19479898091527 1.28055060413771 1.17196619293019 1.04576068109658 1.24119002926628 0.992392368557627 1.03821267015644 1.01083329354205 1.00568039653115 0.871798787048406 1.06730688472377 0.95332681109186 1.01946660611177 0.870975512586503 1.09180205023145 0.906323168440411 1.05882475644292 0.88288405998991 0.880320035087457 1.05123336586096 0.917971273163386 0.957993183951392 0.961267277207983 1.12312007884851 0.940182698218319 1.06891210579577 1.02423052195814 0.884597636325206 0.903566216430349 0.929660857342639 0.89203517330396 1.04818325383557 0.995114872321968 0.912482215548536 1.02701864717476 0.832109988252905 0.969609646408656 0.91206756446166 0.938917133961083 0.842509087176203 0.929148248640841 0.983670554504879 1.05699391146137 1.22423444231013 0.926147387577002 0.976333315071867 1.2002852111947 0.962860383473651 1.33841982841981 0.903838603285472 1.01808097652154 0.872371943993242 0.969174584555883 0.957205672007434 1.04463245621818 1.00320326348637 0.919157987176581 0.909039471984773 1.00856744770768 1.1296696691813 1.07125735363619 0.871081886457257 1.30530934131216 0.970974039659508 1.00203350304032 1.08765283085905 0.926051599957087 1.1238846712309 1.45594130016059 0.967466160591894 0.890105973180614
"Gall" 0.927947012701872 0.999748325137274 1.04663160467879 0.975390084022322 0.97266163507234 1.12914894467236 1.08329316287773 1.07188078982758 0.998587812667155 1.21212205485908 1.09259409259226 0.982889582872266 0 1.23243480234299 1.00565271675719 1.1743871690835 1.33466063298536 1.26171664394031 1.08431216209796 1.23270794690718 1.07411594851939 1.07274452656783 0.975799086400669 1.04000559445803 0.995382605473623 1.07802276539386 0.986662310967068 1.06885724294687 0.891213252091962 1.09846812095558 1.03789567946744 1.04234641181661 0.890149064923933 0.925613330953707 1.10855742269475 0.995849764146382 0.999569005066842 0.985971035992174 1.2133316029703 1.03812542219704 1.10636576918802 1.12741070753939 1.01503854644517 0.97188876750888 1.08079384734297 0.994585602644729 0.973903189261909 0.980223878520082 0.933502164968901 1.1759125798617 0.954393588634717 1.03888590359564 0.978204566752054 0.939269959480411 0.971946851850324 0.990483252037646 1.09561695927722 1.09101099626319 1.29117422897008 0.939096604400849 1.04344799655682 1.17454487954386 0.875189143846327 1.36138362177285 0.992012020593476 1.01743860784478 0.853215854373795 0.971140673852526 0.993237663212046 1.09083953170737 1.08354184371244 0.956942604796024 0.980853072449792 1.06005157955621 1.17954261202765 1.14054763985421 0.981506536962755 1.28819016385205 0.990523941633445 1.08185525981518 1.138403257492 0.888788928735992 1.13540154405136 1.45445052027094 0.984683376929934 0.896498980932843
"Gerstaecker" 1.14809806968356 1.2554696159626 1.33644058094958 1.11805666339248 1.06467852764085 1.3285942531814 1.22850287251766 1.18649485282325 1.08856863972637 1.12941795102124 1.36740668344174 1.10837938455579 1.23243480234299 0 1.22767316109921 1.35493518724918 1.41937093428617 1.31170014078392 1.2619430007002 1.47736442573225 1.15054001711737 1.13925116346461 1.20998078501654 1.07796189925384 1.22233958303723 1.31483310440413 1.12670961705222 1.28759246814392 0.976532084063388 1.17560551083568 1.20244117516382 1.20932504597674 1.1295901696944 1.17832623388096 1.34223210281827 1.11186400956299 1.12152295886405 1.18442982765152 1.41857762448792 1.1798177966219 1.25702720845422 1.24266157949809 1.20786355569178 1.12081942505297 1.25020855336261 1.2309364491368 1.26814216485493 1.23883292494737 1.28183350183553 1.22402051476627 1.10115604634699 1.15872337266231 1.1251176725849 1.100678143166 1.18079998422225 1.05883316356508 1.19492918416121 1.12406074943854 1.41904030290363 1.07678259228262 1.25273316678692 1.28523928793787 1.14331730151575 1.46622135590053 1.14788600213709 1.23249381240408 1.16812638556669 1.23301653303027 1.24533356199599 1.24427350589077 1.20406770949745 1.15099773542303 1.20794887456796 1.29700051282704 1.24682689638825 1.37513136328126 1.18067449659013 1.55847133729351 1.08284380217772 1.04619280030349 1.13651809973232 1.10530220831576 1.30932808036098 1.51406928178116 1.16579422461139 1.20545707180874
"Gluemer" 0.958484786916286 1.124145426546 1.08795526522621 0.903154338401823 0.971098731569827 1.14337578719273 1.14705014635651 1.04303154791782 0.976584143965953 1.24052127985324 1.12050911366452 1.03841563945727 1.00565271675719 1.22767316109921 0 1.24812647838282 1.29278105847325 1.25530077169061 1.04775803837044 1.17866100299923 1.0714599064516 1.03748569610953 1.01004907901974 1.15035819950959 1.10217388586323 1.15957309562859 1.03799423089122 1.18668184803484 0.835942300257398 0.998252181337083 1.06996416658695 1.10117818239367 0.885613512995853 0.99410137921761 1.17870761656129 0.977615615141037 1.09207759688179 1.10952923362352 1.28358256201325 0.911584054204154 1.13213376067821 1.05424280815449 1.09383484124495 0.989597605138184 1.1786645224836 1.12039538661315 0.977412921144416 0.981203751433748 1.08151292624766 1.16608043092008 0.943348117156386 0.902503745202937 1.05020995813222 0.894252098427922 1.11614109880989 1.06328453174806 1.13246081628026 1.04825396865413 1.31276527372001 0.953944081800789 1.17088546763808 1.12513956755439 0.961599004561857 1.48913449748136 0.83520888358318 1.06522279450364 1.00576303787286 0.973396147081631 1.10007651267778 1.15449321000918 1.13375328139766 0.987235282371587 1.03674224308543 1.11717498068401 1.20180110481754 1.21792509095269 1.01349018973156 1.42018821019164 0.943440189115311 1.06626262968345 1.06855093993641 0.970129249398698 1.10291142340599 1.38510272545115 1.04990197057055 0.920156791691549
"Goethe" 1.11429338896622 1.02339724817622 1.17476448315092 1.14200152798143 1.12166838878534 1.27381605549846 1.08475297347076 1.21921045724397 1.11451993119825 1.23409570085315 0.946061670989065 1.19479898091527 1.1743871690835 1.35493518724918 1.24812647838282 0 1.45416479893999 1.35120726402826 1.14290305949502 1.31262824165556 1.07810275726639 1.1959896591506 1.11495059554404 1.17902832590878 1.19089156685378 1.14604925989083 1.09026913726588 1.1828591804681 1.08856779196634 1.19843544898024 1.12884107929029 1.19956573176559 1.1091851116405 0.990769131059858 1.1037987539479 1.05173838500161 1.22594344421333 1.07140604836869 1.36743553061485 1.28624976754644 1.16728850947161 1.15637269484119 1.09381536264523 1.15385873576948 1.13860973541689 1.13933609972076 1.04894907502168 1.13677825360164 1.10471227396928 1.32915499637679 1.10355590997862 1.14077465931219 0.979027409304923 1.12011287007725 1.12199082010068 1.14396181889925 1.23193535525266 1.27669125347989 1.35265522940998 0.957067450172356 1.16193731661402 1.27242347335642 1.12915489916065 1.53326711780351 1.10537343870308 1.00051681030443 1.08753612821969 1.20889074261625 1.11511041808291 1.10270968573415 1.19900395630913 1.15153091562662 1.06938326862873 1.03428963486914 1.32228326156091 1.16797490968469 1.18123623841509 1.4010550244079 1.13842470392159 1.21767382223907 1.27123838449745 1.17681069058584 1.26729640521125 1.41883666379619 1.12122296547007 1.05116077226452
"Goldammer_Hochzeitsnacht" 1.22593867409511 1.3389443995737 1.3247565253781 1.20661045033323 1.18360546424397 1.41659123114891 1.27914867808325 1.28654773356488 1.19133386118819 1.30479560285695 1.42900170305783 1.28055060413771 1.33466063298536 1.41937093428617 1.29278105847325 1.45416479893999 0 1.16875192602759 1.28303116340779 1.54166098811301 1.29836703777996 1.26355767631258 1.39624845011826 1.32150274197517 1.24835038246053 1.42486471375445 1.25626890657059 1.38312546006734 1.12559245519711 1.29591887224252 1.30810990758191 1.30676141084084 1.27999021502824 1.27532740321649 1.37835810138675 1.18540612485441 1.26658185285839 1.34672241823886 1.38425831737325 1.30153247103094 1.34220781380379 1.30897449286563 1.29137636304252 1.21077153603447 1.28179460047134 1.28892400748017 1.31554089299884 1.27848709230443 1.30698984081609 1.27466486559748 1.26196232322338 1.22899507275778 1.24545572881314 1.21153826961599 1.31872703453373 1.22002699807248 1.24542095350092 1.22815332139832 1.51002272718097 1.16957767410159 1.34146934351931 1.35506404924716 1.23801893821854 1.42163201119247 1.17449847469578 1.38354186620501 1.19289787868549 1.1996755524077 1.25500610998611 1.31348256080896 1.29483669275582 1.26482285735211 1.33518304746977 1.41198955523704 1.41228616678974 1.40867987869104 1.24135268663017 1.4038882055717 1.24686120412216 1.29285927827688 1.2623316775611 1.20903800268172 1.33533255738127 1.56037080927549 1.34369451688236 1.26693637417631
"Goldammer_Wiedersehen" 1.06254806492248 1.1582910708743 1.18191882263633 1.12113209359166 1.13911843301117 1.33636922216475 1.22774506185584 1.19573587530842 1.06803839966138 1.12005385269865 1.37548989134687 1.17196619293019 1.26171664394031 1.31170014078392 1.25530077169061 1.35120726402826 1.16875192602759 0 1.14412670307863 1.43583706892142 1.23242113122506 1.20512502281366 1.26668350702393 1.11018451468643 1.12374944097961 1.25619556296992 1.10152731992465 1.21245931447041 1.0516456600776 1.22484119291875 1.18274621642197 1.1907540591381 1.16622688053276 1.11669566540979 1.321233773915 1.06622196718082 1.07717114414412 1.18440408128859 1.29578208740347 1.1638893291019 1.15382357699633 1.13039727238017 1.20665230165226 1.04018964812127 1.09474271880853 1.10578690231306 1.23820356912538 1.22418595673512 1.264998974379 1.20910454054307 1.08160694088971 1.12792332336841 1.04160810757452 1.10944253265051 1.13817179627455 1.0103524335446 1.09078198344671 1.09938020129311 1.31335914782832 1.06763506828066 1.18146915314499 1.21854468846028 1.11784946435334 1.29057614897268 1.17588882682632 1.25585364126023 1.1232675098178 1.15514591906285 1.07430482079371 1.16722878758511 1.21618831936171 1.14621725528817 1.22087961638802 1.22966561080637 1.17754469985561 1.35598383956474 1.08993387669546 1.3519207543898 1.10763186397287 1.14200829019403 1.20089818508469 1.23309181621146 1.22863070499972 1.51442971051917 1.1768030930808 1.16573263495701
"Gotthelf_Kurt" 0.822948757401985 1.02291417899923 1.01492436542936 0.853689076982902 0.961135076690057 1.16020735135548 1.02806617060898 1.0242870111556 0.905386822638484 1.12964541450348 1.00691201732632 1.04576068109658 1.08431216209796 1.2619430007002 1.04775803837044 1.14290305949502 1.28303116340779 1.14412670307863 0 0.909168991585062 1.02531630788065 1.02144345809311 1.01946447935675 1.03171982089193 0.997580639718239 1.06730174133987 1.0011531019504 0.960081709544501 0.855422877446503 0.998039717377232 1.05934720021429 0.98386090677356 0.921060663061041 0.918635604981643 1.11998586934984 0.820693013895855 0.98179118107929 0.882629636760776 1.20981174187277 0.99558721644487 0.951717650651825 0.988450750996427 1.04090090999233 0.923141886262095 0.951532773156227 0.880218004949747 0.924450579691146 0.999359466209861 0.972514128334213 1.05586302222645 0.905328323136484 0.90511941473699 0.854671546981326 0.941435652924527 0.95020635602025 0.947647417926262 0.967307331347637 1.07329270859099 1.06325359702077 0.920178866431053 0.992102509379099 1.15443204988077 0.886948779376691 1.30397522604394 0.918030372991675 1.09067852163408 0.899077831155486 1.0272243404901 1.05355810675308 0.894894608706274 1.1205737609362 1.048570457414 0.963449910096377 1.01784983595632 1.19412264034789 1.15611728825106 0.83433039473452 1.29486405271686 0.935383841106544 0.985658393497911 1.1784796670056 0.999919386216596 0.992009221386613 1.42542315915562 0.919803478342055 0.844860448984111
"Gotthelf_Notar" 1.08967162665796 1.24832609799648 1.2580367645266 1.10546274909449 1.1374447317586 1.29413541948311 1.25526936270157 1.21831472827162 1.18274353958119 1.4572110897239 1.1910991005088 1.24119002926628 1.23270794690718 1.47736442573225 1.17866100299923 1.31262824165556 1.54166098811301 1.43583706892142 0.909168991585062 0 1.2884751318231 1.18559924050839 1.12125122214413 1.31663877567998 1.31442745537434 1.36403634132814 1.20419234210527 1.23555483206078 1.13105965598051 1.1695136138239 1.30028234270916 1.20314339106142 1.07683554992911 1.07009379147619 1.25501591720487 1.07687821810449 1.32956284427257 1.1943520177202 1.50414213432441 1.14274368515098 1.23783562005907 1.20474794389577 1.26501630107848 1.13791421507292 1.32083226827159 1.23253339408254 1.10168412322586 1.11401322641977 1.20813998132783 1.32762319801173 1.13745558142278 1.07780474112059 1.17001156219577 1.13737213457386 1.26594106581398 1.22950808278739 1.30611374736337 1.24863074823587 1.3549664593534 1.15173950226435 1.2820212569581 1.26559008184932 1.08045868136115 1.60790213186076 1.09702952943736 1.23943236396136 1.1388521407633 1.19187351288234 1.2777957636455 1.16755578391109 1.39768684685448 1.22830417561672 1.1595266891556 1.14419061660145 1.38715884155511 1.29506831965381 1.1671850243209 1.60179019252359 1.15918824155784 1.2160102177387 1.37110737958614 1.20011731106504 1.17212693107592 1.47931926317183 1.11051821640178 1.01653141547877
"Grillparzer" 1.00846872799053 1.00314974914881 1.11148526339316 0.975415062461745 0.912418986465595 1.13858621073835 0.995076301787079 1.05146120932209 0.915842141625904 1.09107770227772 1.09983930119822 0.992392368557627 1.07411594851939 1.15054001711737 1.0714599064516 1.07810275726639 1.29836703777996 1.23242113122506 1.02531630788065 1.2884751318231 0 1.05848642466002 1.03648451014424 1.10796781589491 0.960507449070442 1.0534274595345 1.04756882459305 1.16822791859244 0.877261231241502 0.987014026429345 1.01269815645253 1.11836574718107 0.987727516383553 0.912205164628875 1.05162324069516 0.98368292514434 1.00299187682291 1.01516347900296 1.2158572001875 1.05732804094746 1.10015975605074 1.11181484022142 1.07775764389208 0.924229414662992 1.09527988438461 1.01666725418052 0.988559485464967 1.06874590419398 1.04104456305397 1.14967526807595 0.932990288561899 1.06122591329346 0.9166875313374 1.03424422944621 1.01490389484972 0.997651091823625 1.05745113513126 1.1045523495203 1.2258349260523 0.871213366344769 1.10203287640823 1.17105449869088 1.0042861285477 1.37508415194531 0.995673819540484 0.979004984733174 1.02599929134137 1.07446119320771 1.09012435477723 1.01481441752684 0.992408767213518 1.0689801600552 1.07520709107513 1.0875865059028 1.16646836473061 1.21023662361955 0.989845673853513 1.299221322889 0.983860925181061 1.02373350446847 1.13449545966721 1.02635861733805 1.10496942399627 1.39407267548703 1.03758265027596 0.973436180793584
"Grimm" 0.982703473023053 1.06298207641829 1.13939999683935 0.924374676396712 0.829986430928015 1.18633546339573 1.03010497430942 1.09796672246258 0.929575402288584 1.13435492510775 1.14734328202918 1.03821267015644 1.07274452656783 1.13925116346461 1.03748569610953 1.1959896591506 1.26355767631258 1.20512502281366 1.02144345809311 1.18559924050839 1.05848642466002 0 1.01287192404847 1.10630427155943 1.10551864394028 1.0849749148786 1.02818271457854 1.21642952527069 0.855606595894146 1.02027014122394 1.09704885881271 1.13998452539408 0.934398985568719 0.943397597543579 1.12136916079665 0.929769358131284 1.0409780507585 1.02060665963128 1.21558667907599 1.03270896853176 1.14422173871829 1.02510623238392 1.07011860638296 1.00063675630248 1.13748867892174 1.10079386750122 0.984390804275577 1.04397888410381 1.11899513434777 1.12366414498903 0.92207718854013 0.990911019499932 0.985519710102029 0.950362461077249 1.08200406492804 1.03079099362119 1.16870288818869 1.03030319542587 1.35520856546412 0.960002943564512 1.1334587049066 1.11165875945929 0.947855516021208 1.43319377224198 0.985350733633226 1.01352077979399 0.941762535663886 1.1241989406253 1.07940557490254 1.04204799024031 1.08908274253386 1.08796567796449 1.08790138764629 1.13187059388398 1.24730499504502 1.16838995368493 1.07327004670697 1.46549020030668 0.952691196373241 1.02319540141698 0.89154885907974 0.833918264855131 1.1172141210362 1.40326377811559 1.02660834328891 0.936658181050711
"Grosse" 0.941048589015582 0.97113208349082 1.1065719703613 0.969028983572888 0.948793223594385 1.14643660626907 1.07487657200089 1.0200997502584 1.0259361711823 1.19852548458731 1.07101249412769 1.01083329354205 0.975799086400669 1.20998078501654 1.01004907901974 1.11495059554404 1.39624845011826 1.26668350702393 1.01946447935675 1.12125122214413 1.03648451014424 1.01287192404847 0 1.11892544512483 1.06994137775273 1.13105099328618 0.978964827223813 1.12636456628285 0.904369470637074 1.02996353563944 1.08047359354381 1.08564269360214 0.933575703864279 0.861669246703602 1.0761520054963 0.958544904173435 1.13899029678927 1.01697058816847 1.32375826985802 0.91441501612158 1.07883137062672 1.05220877028571 1.05967485424939 0.952480823938989 1.15504021857838 1.1007706580856 0.985665581185031 0.937292705130058 1.00304186317796 1.21471540117506 0.917478008100536 0.943683455727878 0.940407659459174 0.976839049169882 1.0141877606299 1.10245619443018 1.1312595604328 1.12787122512197 1.30894830137744 0.913045793036887 1.14669734519095 1.04810055428095 0.943752127953299 1.47167182817498 0.887816941348961 0.966831459043001 0.938252071277284 1.04036255260825 1.00503416057485 1.07824401206925 1.10695265360255 0.930670419939687 0.886883339464262 0.873249969094351 1.18391173189997 1.09836002547945 1.0178431066442 1.46251447562321 1.03762116475623 1.05900841690529 1.04948378866601 1.00444042812647 1.20617342426315 1.33977545145927 0.952680873849363 0.863019690688346
"Hacklaender" 0.924187808397171 1.01676169612403 1.10712739221621 1.02681459648437 0.97506297079104 1.17752298642503 1.06435868885529 1.02845272194645 0.904792650487007 0.975003302325664 1.16561863718133 1.00568039653115 1.04000559445803 1.07796189925384 1.15035819950959 1.17902832590878 1.32150274197517 1.11018451468643 1.03171982089193 1.31663877567998 1.10796781589491 1.10630427155943 1.11892544512483 0 0.993045122475872 1.05864743492311 0.994222569592537 1.03217508488099 0.943447280736589 1.1150330458395 1.02536855057395 1.07558027159976 0.988940616328015 0.995779998209423 1.22626202458778 0.9223972571626 0.963977612689816 0.966562895384013 1.15710478438948 1.11742623317333 1.03422522147579 1.09383219147508 1.04122645011054 0.95598508934657 0.959177172408079 0.959849893682689 1.09928558408623 1.13514142155625 1.08954059984498 1.1175812545714 0.910745198164918 1.07583872116412 0.877272007506357 0.95301239777356 0.977153352950253 0.880999144712674 0.931182518885064 1.06706539137314 1.3082551608695 0.938945786751725 1.03587837411629 1.18807293053082 1.01452699925071 1.2816296546246 1.02776680120377 1.05297537549902 0.938654674411734 1.07592236177156 0.964736948374655 0.998778774588522 1.03153999189262 0.998600545298412 1.06865196299656 1.05116153960256 1.0942159670627 1.23584828761161 0.969476761809704 1.28287049439181 1.0065152717275 0.977571394548111 1.08637554657388 1.06559060837309 1.18609497798751 1.40937705060205 1.00678954765008 1.02413714535476
"Halm" 0.928633354533577 0.972982039651084 0.953086764198353 0.943005414833071 1.01052585845278 1.16281095130764 1.01424438905861 1.0424150776613 0.952331024701177 1.07068038991828 1.06212849390551 0.871798787048406 0.995382605473623 1.22233958303723 1.10217388586323 1.19089156685378 1.24835038246053 1.12374944097961 0.997580639718239 1.31442745537434 0.960507449070442 1.10551864394028 1.06994137775273 0.993045122475872 0 1.04130792226125 1.07950948817473 0.908172965070459 0.868966174982981 1.15051619479663 0.882219654325269 1.04479139846277 0.936371627287131 0.936366460701186 1.07990213211022 0.953325159907155 0.89196560397959 0.923691810184163 0.975479874354641 1.04050708278255 1.06453962315458 1.09166469197858 0.983400458797241 0.956385449979643 0.833141959418393 0.819535959865624 1.04123994021616 1.05268176769126 0.93136740597808 1.01772076721209 0.890823626785337 1.0560082147408 0.91656701938432 0.960684406285605 0.829911859211909 0.977213355893596 0.931594165167416 1.10411924730259 1.14841097326606 0.956945413461815 0.931481197652264 1.28523454825223 0.946329860215683 1.24303994824637 1.03669637733503 0.988626669456114 0.850416824962986 0.97854262359037 0.963369058567906 1.01205360686722 1.05410881478995 1.00222689023287 1.0114977833927 1.09727421494129 1.12252554745868 1.13225721891117 0.838425248526882 1.16275668730756 1.00393032960438 1.08786527328981 1.14734072151481 0.993074197333151 1.14389206097878 1.53514809406315 0.962293324232765 0.98308229332184
"Hartmann" 1.06303104897224 0.961441981170741 1.14053216318328 1.10563809411934 1.08783822586074 1.25550119068195 1.11243810270847 1.12165372689126 1.05282941217539 1.18521753981448 1.0329623009375 1.06730688472377 1.07802276539386 1.31483310440413 1.15957309562859 1.14604925989083 1.42486471375445 1.25619556296992 1.06730174133987 1.36403634132814 1.0534274595345 1.0849749148786 1.13105099328618 1.05864743492311 1.04130792226125 0 1.04994765091208 1.13412130177536 1.03699194231154 1.15431873653796 1.10907293076796 1.12917614108443 1.10083888809719 0.990960398908318 1.09951132143334 0.992811433441144 1.07936487274984 0.986003020919436 1.23702300611729 1.17659900162614 1.10267447164934 1.16124091103845 1.08201764881149 1.03499250139929 1.06395975866293 0.986076115296913 1.02220089848451 1.18887946783255 1.01056896930309 1.20361443852424 1.02197903634364 1.13041177304571 0.937328085127099 1.05027253680801 0.994229124627926 1.07105168087983 1.07122702410235 1.23089086557971 1.29816705920353 0.947578868874883 1.15649352905967 1.24301261272577 1.1059090090358 1.39711602942139 1.08076431067342 1.07581916440747 0.996581093652605 1.14633019228168 0.994913723177996 0.949103347520201 1.08765403450467 1.05987491053 1.06242335657403 1.04607689999479 1.17297134965297 1.19394228178661 0.99974166255805 1.27656410314164 1.11651845035276 1.14316552255083 1.17318028019919 1.11313144339143 1.20688653499176 1.34268475109603 1.06014730726516 1.04857751011499
